20

93574 145480 34489 257680 578026 346450 168913 460073 340078 566299

281833 392241 392241 392241 392240 372942 292241 292142 282841 282141

488473 599582 599581 599580 599484 599480 599481 599481 598883 595287

488894 600002 600000 599999 600001 599999 599999 600000 599999 599999

187246 298356 298316 292515 197515 197255 197246 197247 197246 191505

148309 513206 95647 129112 453593 581689 66395 584306 82031 7551

92465 343253 185610 99250 541937 260586 428708 326146 344574 364288

488889 600000 600000 599999 600000 599999 599999 600000 599999 599954

268509 338155 168477 328589 554023 544504 14545 455910 1573 244615

212770 323879 323780 315782 245780 212879 212880 212879 212881 212781

21310 0 146241 374997 454892 391630 45582 117273 196837 416204

350440 360247 69696 68520 161398 248920 486711 537483 454274 389211

232947 344057 344024 343224 326223 242957 242953 242947 236212 232946

115866 100586 25831 368820 16673 487683 155711 541342 535246 591655

0 0 0 0 0 0 0 0 0 0

280231 391341 391341 391340 391340 369041 291341 288643 280241 280241

60088 214453 276417 430749 419600 99496 567729 529050 555520 7979

125743 236814 202855 136814 136804 136805 131884 125804 125804 125804

488881 599983 599982 599980 599980 599980 599980 599981 599981 599626

207278 318154 308321 308049 228277 208043 208044 208044 208042 208043
