100

427976946465188 530888057576209 530804359129120 438987756023299 430803359073300 430803359019120 430803357466210 430803259018210 429980655359389 429793256465199

548662901818660 659774012379961 659773972929767 659566433479571 559772912379767 559772912319765 559772902819766 559766162819766 559672902269866 559252683919080

513689614611750 454509933200803 587678565932510 418412769913687 24443674926966 469543524010164 12011241530270 461813413815086 574732001884615 553230505991900

47048822673710 58159925795717 58159925795715 54939833784768 48159925795716 48159925795707 47939833784757 47139741762861 47049924794757 47049740751914

290725196452521 145085889679671 173112160707581 79806815433889 222584268643223 268124218465164 487846052351810 372882950486247 117034312568318 382893005832483

201586840278668 260697951389780 212654315533050 212653947246496 210690577246496 202643305386496 202643240379494 202643204521968 201686840335395 201643204421942

330180393878096 441290725668201 380641504979204 340592284219706 331190725558200 331181504878604 331180725558101 331180704199105 331180615558101 330531394199105

17755008335258 22866119347974 18836118446368 18828166249575 17856118347873 17828158347873 17828156249480 17828108347873 17827156248873 17827108345262

69523807167507 80634918278521 80634887023619 80479087023620 79628355763817 73468087012718 69623817012620 69623808212620 69568076657719 69523807167519

151812037530218 162922148641322 152960972045035 152960971948839 152960971948840 152960971948839 152952060244226 152950971947839 152950969540226 152873137536416

111041594530538 97467790119984 57212153413774 538595909481563 241139244944713 581708725921652 371081943088575 563675803479352 585177328198440 263795298157903

87956799809868 99067910920978 99065540570101 98985530737325 98957900910877 98957900910876 97285460562999 88957430736244 88284430662616 87956800636241

330799066818763 441900115929075 381810115037564 341810115037553 331900053146341 331900053146342 331900045037552 331900043146342 331900043137552 331720166819974

174887927905845 213447941861965 183447939623160 175999028006856 175946851239360 175889028006847 175889027922349 175337939522097 174888939522098 174887939522097

70703769358231 81814874469123 81808998510122 81804770426559 81628197543686 75627983458340 70803769416558 70803769416541 70727983458233 70703769416448

187581118268590 235834081226680 198591213328693 195762413277686 188591128378692 188591128369700 188591128369698 187753696267686 187581122318684 187581118317677

304612296101332 415466030812444 325465648030014 305722396812443 305715019812443 305712396203659 305712319721227 305654919712427 305612296103337 305354919711332

351635002855623 462746113878003 418331746972368 362746106087997 362746102856723 357902635318893 351645035971291 351645002855624 351640635971258 351635002855624

11092110858111 12203220478657 12175021969201 12102220478557 12102121219119 12102120467839 12102120467558 12094521158119 12092120367549 11364521112829

487806184649951 333331802577088 509262535614176 222364912505773 306230894244256 86515851932920 588874389842890 456534292822345 18182752614006 101563283219441

30621360275602 41732058517781 35663058452246 31654645617772 30721471286704 30721458451702 30721371281137 30721370441137 30721367441135 30652947441137

329101256971609 440211821438321 378672821438321 338672820749519 330172773693920 330111260333520 330102710327220 330101256971620 329562710327219 329101256971619

200888794483889 259449784767967 211999905494999 211999905494999 209399543054434 201889905494899 201889905494382 201339783866867 200889874676861 200889673856856

376410088429973 487520585249259 462081192346509 387520585249158 387081192346434 386481192346433 386411099443708 380971091442977 376410484248148 376410484245423

253944776366029 353366592158003 265045886817140 264961191098866 264945786367140 264945131048003 264944776366269 264944776366266 262575481047956 253944776366166

528384412254808 57028862463102 117462668369174 253382104495828 87385254320131 53231734519093 28229258498286 256453800454047 472007794097494 228014048432507

398934054272823 509719744343563 500719744343562 409045165383924 409044744343552 409044144343182 409018644333480 408938643293082 408934055333451 400608633292709

422752787728116 528027123347228 528027123346540 433860674329917 428017123338228 427853898229916 427016897738217 427016093229817 426952787738128 426916012238117

173061261842920 210143293520969 180142832954031 174171372387092 174171332954021 174142732920958 173171262850894 173162722843021 173161262276083 173132722842957

273179065776294 382290086953842 283290086953840 281820041987058 281790081887404 281720030987059 281720030983622 281710075942823 281710030975951 281710030942731

48780284933290 59861391038399 59790671006216 57961386020278 49790671005277 49790670019278 49790670005207 49781300033329 48951285019268 48780570005206

371777265730673 482039179290714 452888278066248 382039179290708 382038278066239 382029179290173 382029179289603 372878278036209 371978277730673 371928275730672

68514029970797 227808557011148 84422684805922 218278840994497 519014647267832 328720345550812 119984501029702 145264427987140 55784683752276 8513943136868

256544702806180 483637267012104 38023487490409 598917560546218 288155196422828 324733287474595 592792325323603 27085707385924 234049384243089 424553972402536

476658279863550 587769390974659 587769320845258 531707740840456 480738510899860 476769280963860 476768510898858 476759280963559 476759280963559 476727740704755

409706810867338 0 597978262423958 284326602957348 195050743411940 599825068539845 393583825007779 57294882548330 52140014937295 282670615338432

29437316812270 533540198676145 423516521053198 369757501662973 129640475398281 397461587966270 51489241818134 545901090626503 398797381139379 552452591170164

314062404762687 425173515873798 348758810070685 315172515865270 315172515595242 315172514862698 314965274327642 314165234260106 314072404762688 314065169495159

186026789279648 233075508342319 197137890390757 193073118318100 187127889390759 187065503366319 186127803365539 186127403361301 186126789379649 186064403331211

326611477471264 437722314536711 374103310491049 334085030490983 327621578581602 327621578529938 327003303525601 326621503525601 326613203525600 326611477525600

252937523887166 351547034998197 264048626268198 264048626261119 264046943715277 263948526261118 263948526261119 263446934914354 260446343341346 252945933887186

364463449193173 96370184719121 56613645805915 381361003208805 400508639358159 258498509343296 594843746501832 190092580680113 321238397923859 446787103472645

216491181332779 206343638830880 139204181343724 321633553336816 387361729628251 513699003882920 574682687633672 431455307061345 494928897105505 450480959408281

181458856105966 304163363773247 306978198322333 113103867574163 553923131776552 499615437396481 107441989467018 569183070446190 494790439399439 129889514974781

523654989006011 634446100110106 634443100110106 614667764517112 534342435017112 534342434603101 534342393417110 534342324602105 524654989009105 524342324602101

462114079375792 573225184566810 572879790476810 497534396395901 462224790476810 462218790395901 462168695395901 462114083557720 462114083557720 462114083475892

0 0 0 0 0 0 0 0 0 0

63163878825271 209388297255474 245227883979896 232712314545208 73019440790168 184749462712594 158434879617402 449587554321520 85105620465054 252465252944015

528746917385680 639834346583076 639828027539933 623847708496791 538847027539933 538823346579931 538823327529781 538823246572065 532846918485737 528823236528823

544130606725409 655221713836421 655216091648221 651231707742321 555216091647320 555215707741320 554230622929521 554214990647220 554214990647221 550230606735421

308006073212769 418854033156767 331590881989541 308114033148653 308107183145766 308107174312879 308107023145766 308043023145766 308006122911524 308006073212768

70257857985318 272169735297750 562918092934616 579118410126348 580556578808969 328391117272670 500976351959808 310579087020061 467345681124593 551734672406545

112527931388423 123556874693863 123529032499433 123529032497557 123529032399424 123529032399423 123529032399423 122647949195688 119647866194820 112527948794687

49541011237027 60651213335463 60651022348137 59512167841463 50651017834463 50651011740799 50642156740755 50641011247026 50463302234353 49541011240690

198461151414162 254992894837240 209562569962587 209561169959829 204903787327128 198882469852485 198461152415162 198461151851806 198461151414162 198461151414163

255963555886704 249141616828473 267913178375274 385612526586454 94917018705227 375675420964050 32070094171715 150722697458941 537104622618354 402426512980875

295985590351745 399632945462855 309169133537938 296092845460397 296086594490388 296022834452787 295985834452746 295985590414746 295985590414204 295985590414204

540801169866701 651902967205357 651811280877318 644193909446866 550811173011835 550811169866718 550811169866702 550811169866700 550811169866700 543993856151732

285330120463394 389410636277874 296420633926183 289410238629471 289410238627772 289410238619461 289410238567772 288420535816084 288410237518771 288410235166771

372933106120984 69220771170726 345619526514769 14676338332946 204070896575723 520453361621634 90573382054338 128556407514457 199290165524373 373305047882316

555901426588595 552231889034774 183721559075929 382185389451354 673595028212 508182161209739 210795195895139 520843617182640 571887642764892 569364080449720

310535099185786 421646210234889 339357724357297 311501967295889 310646210234389 310641721418606 310635200225790 310635156347198 310590856285788 310535099224381

188679029756240 47438113502392 482669937526104 350175438878120 599130449725571 122290804426965 291865242703010 128851955040846 276682568873219 225470751766500

88016252197957 99127331543831 99127331543440 99114353308058 99027321542823 99027321542823 97414352425358 89026352425341 88410383283193 88016321432722

47727316848852 58834522635643 58834522296851 56042229620967 48733521634622 48733521634620 48733521588852 48037424186735 47733521524622 47733424186737

247064221054659 340775324740843 257775321740807 257167808590529 257167808590524 257167721139931 257075221064659 257067221059796 249674221054658 247066708479524

210904646403418 264505313028579 336740263154239 482130233886827 449084298369898 389040622896003 153786478210020 78827097501244 211250968503038 477648036777668

412015317260104 54574906627281 436526817429517 111898836353559 198481271334535 325345150845 235702119087653 37443103994315 303475268436907 69399322648819

210149824470025 162326866281939 319057532852935 56859855995697 329171220535579 435203701788380 550851829287364 557878927187683 117094588430362 395407059097590

128828173031474 353771166788863 486085997153959 339539804865478 442752746631634 416237735592130 207306590816419 214181651030143 419766563072485 477826438775456

467252514640060 579629043929135 579025254522193 87779655953201 454150604526019 420910903694655 553260948931243 4732006168754 419073095510366 189077884830434

54273673524851 124140113839809 140704611270846 93962035487756 241245535549717 286742375990518 593589926990782 371535972770136 87449912576339 204990762086263

15526777285231 133738053463236 338485846901927 43885971416215 586593086363265 161685399644740 299367562599386 448624347890219 360827902293513 513930101575172

307850940883635 418561355074744 331162051984647 307960658156240 307960658155442 307960658155240 307861351897846 307860557155239 307860557155241 307860553983644

407955321718792 519012425821153 518112422812405 418966408812405 418962421812404 418956408803645 418955421812394 418955408803595 418955408803294 417247434820042

476179720497095 185850321136558 147186208778239 254214619176528 410527682339901 282231174520573 500363509719274 97917797563574 542376046595307 46063677639149

502150258232190 613255946648472 613255939038123 576266781038118 512255858343117 512160681037118 505660258337117 502154835547462 502154835547389 502154835542190

276659132316475 446939843273170 563162574868125 373910584052917 277463769210653 141445942237494 597605220000534 411919773355778 494995540057612 202937561976462

546267899357173 479958215708848 82365192125850 118145957858515 241296038058449 364763715217428 347003646528893 359805050247721 463217667741671 327380920233171

312829801924403 423940464282092 345461361788926 313940464281503 313940411787845 313700803027824 312930803024403 312890802977825 312830353924403 312830353170983

537414537285654 647847955670797 647847955392731 638525647386764 547847954660797 547847954660765 547825640111729 547745240037688 547736854559787 538414540011687

224379540913982 439433853482934 300992144293766 155706754329167 363198670963141 158571012106834 216740293921058 51695144551979 236335328068545 429507500969071

259816661774077 181748118898274 82072658971753 77241871771143 155471367894848 183135979078694 79202545517425 85656048405249 19248353196890 77753844739447

269781198115815 380384517529636 280592309226926 280284413378280 280283517528275 280277413216914 280273516519570 280273516519524 280273512316459 280273412267169

282164089961677 387717759072783 293275200017187 287717758728380 287717691210894 287229972450489 286607648717280 286607089961683 286606648717279 286606648717281

586258689689407 424379491515331 240731958458228 522265581185411 528234614186219 307266670193831 337813384834789 257547160717259 574870886556385 380401422525096

35464513474503 46575557385613 44550624485614 36575557295938 36575557295939 36574624485612 36574554485587 36544680864858 35564546295503 35539613475178

464443817586064 575554928696279 575554911278071 504743393278071 465148393278073 464548110487176 464453827696280 464453827687176 464453820387172 464448100377967

22183985274428 31004084308604 23285096384540 23285096346227 23284583307916 23283995384539 23283995376216 22912983297815 22183995374436 22183989297805

120219743757883 131330434868489 131080844809489 130330430526500 130330344000976 130320743757894 130320329516400 130270743757894 130220329516399 122970743757888

152758229385332 164233693293642 153504987496342 153469292293543 153404239496342 153403879496341 153398229496342 153393876695543 153393876598141 153393876595341

414210856399921 25227314959355 208727970429073 148977210663358 477810986571929 102983414982226 256017863451592 61013137357320 5462471649884 188232058354097

214764612972298 283985969157414 225775624083401 225775624041405 225775622341405 223925059055417 215764613973401 215764613973399 214919761688411 214764612972401

471257611312077 582168680423186 582138680123187 522258680034423 472257712611952 472133628745656 472133628745652 472133628745612 472133628744077 472133628734546

478142372886349 589186203979326 589153193987737 534277913978938 484275193987649 478275193987648 478142473996360 478142393987649 478142373996359 478142373970215

112692380218172 123803491129282 123775951378683 123702481229281 123702481079181 123702481069779 123702481069780 122967871517984 119965111219181 112692381069180

126397137083777 137499145544119 137499145544119 137499145543709 137499145543119 137499136426698 137499135543020 137408186426610 136499135520199 134316288083780

40792108610866 51445619151834 50902619151692 42444618571692 40894519071693 40834519041832 40792119611967 40792119611966 40792119611924 40792118471440

190199361597382 298356874816880 339121332966164 144551972311510 326734302782059 330427467476504 147526398879768 323957801499470 103461655516512 267718311996737

438216797317925 543715534075694 539327904075694 453703149722353 438615524072352 438227898065692 438227823011959 438227422964584 438224422964583 438216797317925
