100

3 0.512444

3 0.392415

3 0.040909

3 0.418533

3 0.023660

3 0.102456

3 0.263807

3 0.965573

3 0.000000

3 1.000000

100 0.481553

100 0.546688

100 0.917404

100 0.898738

100 0.567568

100 0.230047

100 0.523270

100 0.359082

100 0.000000

100 1.000000

36 0.957764

36 0.033264

36 0.374167

36 0.687601

36 0.600976

36 0.557790

36 0.761898

36 0.238619

36 0.000000

36 1.000000

74 0.840624

74 0.914954

74 0.035279

74 0.333928

74 0.362839

74 0.383579

74 0.540128

74 0.252835

74 0.000000

74 1.000000

12 0.648808

12 0.881112

12 0.927014

12 0.845626

12 0.218554

12 0.744179

12 0.773075

12 0.604655

12 0.000000

12 1.000000

77 0.674855

77 0.286318

77 0.772936

77 0.238983

77 0.555266

77 0.261590

77 0.532684

77 0.040110

77 0.000000

77 1.000000

47 0.312207

47 0.779664

47 0.260244

47 0.730211

47 0.799615

47 0.606345

47 0.627407

47 0.207086

47 0.000000

47 1.000000

49 0.485399

49 0.962344

49 0.985366

49 0.558043

49 0.443886

49 0.981128

49 0.546993

49 0.804332

49 0.000000

49 1.000000

59 0.082776

59 0.265750

59 0.812656

59 0.546865

59 0.782336

59 0.435613

59 0.918480

59 0.033182

59 0.000000

59 1.000000

62 0.265013

62 0.644292

62 0.516966

62 0.674110

62 0.471810

62 0.708186

62 0.798476

62 0.314993

62 0.000000

62 1.000000
