100
3 0001
6 0000201
6 2202111
6 0030001
4 00001
0 1
0 8
6 1210201
0 9
0 1
4 11111
0 1
6 4967691
3 8002
6 8668275
0 1
6 0300001
6 9498667
6 0020201
0 9
4 20121
3 0301
6 8493759
6 1012022
6 0009001
6 0000001
6 0070071
6 1335887
6 0102011
6 2090301
6 5000001
6 4747853
3 0601
0 1
6 6000081
4 90001
6 9700611
6 0020202
3 2221
5 431193
6 3000001
4 40021
6 7007001
6 0000008
5 150001
3 1201
6 4000901
1 21
5 111111
6 8000001
5 005001
6 1764256
6 0020081
5 000001
6 9000501
5 000001
6 1120112
5 110011
6 1111111
0 1
3 7647
6 2049001
1 91
2 201
1 22
3 0951
3 2011
6 2010002
6 2210111
6 0000001
6 0000001
6 9999999
1 11
6 0900001
6 0020102
5 803006
0 5
6 2070091
2 121
0 1
6 0200301
5 106072
6 5001001
1 61
6 4003877
6 0000001
6 0006001
6 5964958
5 000006
0 1
6 0000001
6 0597324
3 0001
1 09
6 3003019
6 0000001
6 5090049
6 4023331
6 7341501
6 0000081
