100
887412346200950820
994363732959214154
76605637453371222
368758376875058783
3
17179869184
85302083664967495
35226488790454247
21379833639634524
153146641264979344
604609201976545599
368828532764953214
1
268435456
884388985245624960
577134021283187816
300227452269563764
411414079140246409
923018920283071460
719723198303141245
586217821897362875
956826720768211995
856982806407487337
347201102507223589
2
952283414571403465
996792212944321539
909289898016472005
20509585568927608
894451373045215618
959611964572552835
320336983073222014
940588813689383018
36366817694462125
966441774659956826
428955476717285144
616104914376013444
11454430186426716
4194304
193262730173708939
48347839524146803
976340969101587211
946465574620778726
734487367926909939
144474011769387896
924176229160609460
134204584247422892
992422242322561604
801536922384618891
322368989821291898
953279102687293692
33078473578367701
473343778393862914
971546602177416293
106574922690072843
8
980473027582749500
931973510464582089
96081397286244914
135599063379935809
205695458170659325
868795786690599701
10
91740741334255958
90741601145350103
90703234924080543
740193265043254817
8714213821065565
862378727011680480
954657481363069322
775258390640464115
877836027208804716
425828291905852209
24010001375717945
913812367711596843
996678877169588113
766849616865750223
982929778948765905
965178222201966353
996467632138902105
991166403498803940
695425370832899284
20564585071201703
588076192298125598
532031837953492631
944096616767799712
2147483648
791064355558492407
9818964484137266
973664948833906227
953121469453020836
909825348014091269
993017261853362417
98098943587372963
983014431392908825
405215113680561547
82737748270101921
734015786399811169
446865902142106389
1024
