100
54111
5512
98865
1
62088
31310
41082
2922
884
80540
26404
70888
41652
8
97415
77489
98899
97422
80498
95135
97754
32741
98081
16384
95292
2
85357
13047
29562
91372
70061
98
32411
97320
1024
58847
96347
34177
13637
69966
15290
95009
13267
7490
25076
99054
10
66143
11304
90438
41683
84632
26981
78355
4096
48139
97047
71952
93903
17945
53726
35357
91540
58401
94611
61209
3
8091
1
21550
4160
14975
93038
80620
99030
95513
81281
60700
95036
5613
36838
92668
98466
99274
96118
42044
19466
17928
41173
22453
41066
32
40816
70393
14183
92387
97653
93339
34688
83925
