100
10 10
121730579 940248857 68743 74681 9 577395946 3 95223 6 885490813
5 6
0 2
2 7
1 6
3 4
2 3
7 9
2 4
6 7
9 9
9 2
21393 2 670887539 47222 16264 8147 6671 97947 33671029
0 5
0 7
10 10
8 854938883 6 459702740 2881 2 990266089 4 72184 15577
0 0
0 3
2 8
0 4
0 3
0 3
0 2
5 7
8 9
2 8
8 2
695180144 712177464 14521 10 44759411 97320 19282 215965610
2 6
1 7
9 9
4 698916417 8 43908 62744 79757 54965 20119 14545
1 2
0 0
2 5
4 5
1 7
0 3
4 6
6 8
0 6
7 3
10 278549619 365059626 633828364 6 533639386 97256
3 4
2 4
2 6
2 7
576 825413851
1 1
0 0
0 1
0 1
1 1
0 1
0 1
5 7
6 774055492 602060101 10 150
0 0
0 3
3 4
1 1
1 2
0 3
0 2
10 10
776303935 38496 18048 207071146 9 829105156 203801441 5 525131864 4
8 9
2 3
3 6
2 8
1 9
6 7
4 7
0 3
7 8
3 3
3 3
354353425 453523523 543557893
0 1
1 2
0 2
8 4
82613 26478 46649 1 725305346 783228872 38359 38630
0 2
2 7
3 6
5 6
10 7
6 66720 1 4 4 287721717 4 2 3 9
1 5
4 8
1 6
8 9
0 2
1 9
3 5
1 3
1
0 0
0 0
0 0
10 10
9 979278824 96508 74881 922653644 3 8392 223283735 3 12355
1 5
1 4
1 4
3 5
6 8
0 0
6 7
2 7
0 7
1 1
10 10
5 79052 34886241 113234804 9 844683892 37045 7666 4 281463957
1 5
2 4
2 3
0 9
3 8
4 7
3 3
4 5
1 1
5 9
6 2
26290 7 9 3 3 5
3 5
1 5
1 5
23152
0 0
0 0
0 0
0 0
0 0
5 6
21697 857528946 639768668 556113811 10
0 3
1 2
0 4
0 0
1 4
0 3
3 8
233830799 35506 472
0 0
0 0
0 2
0 0
1 2
0 0
0 0
1 2
10 5
46355 8 6 327008580 917697833 201897599 6 515754863 3430 331882139
3 6
5 5
6 8
3 5
3 8
5 7
251629659 83072 459517420 10 81551
0 2
0 0
2 2
0 2
0 1
1 4
2 2
6 8
78915 6 4 21612 65815 11494
2 2
3 5
0 5
0 1
3 3
1 3
1 1
0 2
10 10
62018 9 2 5 518116698 331003599 192741327 4 6 6
6 9
2 5
2 8
0 2
6 6
6 8
0 4
4 7
2 6
2 5
2 9
1 61469
0 1
0 1
0 0
0 1
1 1
0 1
1 1
0 0
0 0
9 4
80976 2 813609306 493009118 8 9 1 15684 75330
0 8
2 8
4 4
3 6
3 8
8 3 76417
0 2
1 1
0 2
2 2
1 2
0 1
0 1
1 2
6 2
174687382 70323 20735 78237 55229923 530196028
2 3
0 4
8 7
10 42191 55353 714046155 973005087 98347 97788 4
6 6
2 6
2 5
0 4
3 7
1 6
3 7
5 4
302667823 91530 6666 199105113 332759547
1 3
2 3
0 3
2 2
10 10
8 34036 77005 85073 75813 847712981 622521632 70488 968490264 38279
0 3
4 6
1 7
6 8
3 6
0 2
2 4
2 7
0 2
5 9
10 10
268426449 3 3 2 90185 340311266 10 3 647052458 9
3 8
5 6
2 8
5 9
1 3
2 8
3 4
6 8
0 3
0 1
3 4
45350 23275 89155
1 2
1 2
1 1
0 1
1 5
42692
0 0
0 0
0 0
0 0
0 0
8 6
6 94861 212970846 2 759606531 9 53714 18677
2 6
0 4
2 5
0 7
3 7
1 4
7 8
516511498 709856563 573731246 610464541 86442 93399 212
3 4
1 5
3 5
2 3
0 1
1 3
2 3
0 2
4 1
5 618635550 530937097 715363642
2 3
10 10
13610 32536 7 28778 6 276241438 7 119944019 4 10
6 9
4 7
4 9
1 4
4 6
4 9
3 4
3 9
0 5
5 6
2 3
591240411 492653094
0 1
0 0
0 1
4 8
6 532448200 40930 26658
0 3
3 3
3 3
1 2
0 3
3 3
1 3
0 1
9 2
94334 736467173 9 10253 500532526 85492 7 417312879 26778
4 6
0 5
8 5
1 3769 57044 51397 2613 79468 8 990204813
0 4
2 6
5 7
5 7
1 3
10 8
954018904 2 447960298 69394 6 8 300779728 787766052 82514 5
3 7
0 5
0 2
2 3
0 4
1 6
2 3
3 5
7 4
7 5 1 23688 7476 84210 93543
2 6
0 0
6 6
4 5
10 10
42162 986615645 28576 74515 447217693 866297628 10 205421614 9 2
5 8
5 9
2 2
3 3
1 6
2 3
5 9
3 6
1 1
5 7
3 2
1 2 3
0 1
1 2
6 9
2 50036 1 1 7 2
4 5
0 2
2 3
3 4
0 2
0 5
1 1
0 4
0 3
4 7
38262 80685 84914 10
0 1
0 2
0 2
1 3
2 3
0 2
0 3
8 4
10 112971371 9527 345931904 93940 910516718 7 607511579
1 5
0 4
3 7
5 5
10 10
692771058 901982610 9 9 577806706 47086 71803199 4 636235736 20617
2 4
1 3
1 5
0 1
2 5
0 8
8 8
0 5
3 4
3 6
4 9
86970 6804 62047 536582373
1 3
0 1
2 3
0 2
2 2
0 3
0 2
2 2
1 3
10 8
76639 404805244 10529 6 64121 16336 894029868 5 10 45660
2 7
1 7
0 7
1 2
0 9
1 2
1 4
0 9
6 3
944036805 62430 73773 8 581617685 263367333
2 5
2 4
0 5
4 2
9 84767 5 177839182
2 3
0 3
1 7
8
0 0
0 0
0 0
0 0
0 0
0 0
0 0
6 1
251530279 973527771 941281813 742068349 1 268586610
2 2
7 9
81207 66466 336687806 790556071 195367828 470627014 70713
0 5
3 3
2 6
5 5
2 3
2 6
0 2
1 2
0 3
10 9
768102343 908375252 973737711 27178 575774999 50118 107521654 9 55723 1
7 8
1 5
4 8
7 7
0 1
2 8
8 8
2 5
1 7
8 9
9 908684350 648410369 3598 23687 9 464732336 379220451
0 5
5 7
2 3
0 7
0 6
0 0
1 5
0 0
2 7
10 10
36100 3 6 9 3 2 1 208087636 837780928 7
0 5
0 5
0 1
2 5
1 4
2 3
2 4
0 8
6 8
4 8
4 7
2 6 41824 5
0 1
1 3
0 3
1 3
0 1
2 2
0 2
3 3
1000000000 32767 1
0 1
1 2
2 2
5 5
840730787 503305877 42950 97971 325479531
0 4
3 3
1 4
0 2
3 4
10 10
31771 61634 24141 4 897644740 8520 63119337 61188 23280 8
3 6
1 7
0 9
3 5
0 2
2 8
2 5
6 9
1 2
1 2
10 9
1 287743999 36396 9 5 9 9 9 384416545 97957357
1 2
5 7
3 4
0 3
5 7
4 4
1 9
4 5
1 3
5 2
173179421 93007 15635 2 41283
0 3
1 3
10 10
37061 514394796 65694 994409534 65817 51468 1 6 8 31374938
2 4
2 2
8 9
3 9
0 2
3 8
7 8
2 8
0 1
4 8
3 5
1 749288953 10
1 1
1 2
1 2
0 1
0 2
10 10
613321477 38780 571155971 19716 11728 7 9 5 3 1
2 5
8 9
0 2
2 8
2 9
2 7
5 8
2 7
2 4
0 7
7 8
91139 29778 82796 4 469 34220 89871
2 4
0 4
0 4
5 6
3 4
2 5
0 4
1 5
3 10
87079 73583 862875319
1 1
0 2
1 2
0 1
0 2
0 2
0 2
2 2
0 2
1 1
3 7
33439 807609697 707468748
0 2
0 1
0 2
1 2
0 0
2 2
0 0
2 2
1 4
0 0
0 1
4 3
54014 106689861 7224 10
3 3
0 1
2 3
3 6
315372010 41503 57252
0 1
1 2
2 2
2 2
1 1
1 2
3 9
19422 1064 228026103
1 2
0 1
0 2
0 0
1 1
1 2
0 1
0 1
0 1
6 5
115625767 60176 592116384 1 5 678227385
2 5
0 1
3 4
3 5
1 2
4 4
1 5 6 229364991
1 3
2 3
1 1
0 1
6 3
31147 7 90098 6 9 8
1 3
0 5
0 2
10 10
5 926391573 9031 1 2 712847873 714684232 47296 330300116 46016
2 7
3 7
2 9
5 9
2 8
0 2
0 2
7 7
3 6
2 7
4 1
344895175 646596735 4 840242656
0 0
10 10
91988 6 8 1 546658432 93670 8 57623 24393 1
0 6
0 4
0 4
8 8
2 9
1 5
2 7
3 6
0 8
2 9
10 10
19064 4 9 20857 4 4 669238347 16944 9 1
1 8
7 9
9 9
4 6
3 7
0 5
3 6
5 5
4 6
7 9
3 2
36590 557302702 39014
0 2
1 2
3 4
6 595660622 150041889
1 2
1 2
1 1
0 1
10 10
952960952 1 699267344 5 56299778 5 728542337 75455 64396194 817454309
0 3
0 2
1 3
3 5
4 9
3 9
3 3
1 8
3 9
1 5
7 4
29340 947251865 32669968 552743278 2 99518 6
1 3
3 6
2 6
6 6
7 5
35790 9 6 738430694 78876 3 4
5 6
1 6
2 3
2 3
1 5
5 3
30866 78375 83979 427897932 40371
0 4
1 2
1 3
2 1
10 6
0 0
4 2
8 3 773 48039
2 3
0 2
1 3
5
0 0
0 0
0 0
6 8
189246207 5 1 915723524 160075118 1
0 4
0 4
3 4
1 2
1 5
4 4
0 3
2 4
8 3
56561 10 61831 316826357 600531150 885422360 147172385 10210
2 3
1 2
5 7
2 9
939210310 814109096
0 1
1 1
0 1
0 1
0 1
0 0
0 1
1 1
0 1
10 10
5 72144 523307628 94069 58911 2 744742911 2300 73026 829595700
4 7
1 5
7 8
1 4
4 7
7 9
0 5
3 9
7 9
1 3
4 8
457547879 21145 75681 3
2 3
0 2
0 1
2 2
1 3
1 3
2 3
2 2
1 1
1000000000
0 0
8 2
519717431 4 677385523 684676690 34571005 643612459 3 842782906
0 1
4 7
2 2
6 3283
1 1
0 1
10 10
59118 9 646481081 36234 41686 4 87360 10004 590399608 8
0 3
2 6
8 9
5 8
2 4
0 6
4 7
4 9
3 3
2 4
