10
100 100
47 86 237
11 57 3
56 35 97
73 99 6
87 80 10
52 82 4
45 10 8
43 59 5
82 11 2
31 6 843
96 8 4
91 93 849
92 65 304
48 16 507
37 58 412
38 97 9
9 29 14
6 15 564
22 64 7
30 9 75
39 14 7
21 30 987
1 0 539
14 73 1
99 60 5
22 78 763
64 0 2
60 49 7
80 30 2
31 39 5
82 42 5
40 24 516
18 2 2
82 40 7
14 54 804
45 94 967
97 40 4
90 12 8
40 41 883
22 92 227
27 41 790
57 98 3
40 35 4
77 74 122
13 68 654
64 89 5
70 41 883
85 47 845
88 28 557
96 50 346
25 93 565
95 24 586
13 7 7
23 71 60
62 81 3
32 40 8
5 16 858
72 14 8
58 97 9
17 8 432
75 60 10
66 71 521
43 84 495
49 1 498
82 90 5
82 0 1
51 75 930
73 3 9
63 64 561
97 10 3
18 97 7
61 42 80
73 55 578
52 26 5
59 82 8
46 72 240
81 83 107
60 74 587
6 34 289
99 33 1
20 35 296
79 28 666
69 4 379
72 79 849
82 30 1
19 59 10
44 14 523
53 0 9
7 81 8
66 72 1
47 96 2
2 67 451
52 13 7
5 72 470
18 73 4
8 13 6
76 12 430
0 4 8
20 91 885
36 4 894
100 100
79 10 883
75 58 9
22 61 925
92 13 381
73 56 695
8 3 843
68 40 8
2 56 263
5 50 10
63 30 1
53 79 7
88 37 611
8 32 576
48 97 16
15 21 538
75 45 1
80 99 826
75 74 448
54 94 4
66 53 1
65 1 419
81 15 520
67 16 9
9 85 878
77 38 82
46 78 956
73 42 9
31 94 4
65 31 6
23 16 5
44 40 10
96 67 282
94 57 933
14 77 8
66 37 429
8 61 409
16 90 6
67 13 300
55 63 4
4 97 699
16 7 1
43 47 956
86 5 409
7 80 6
84 56 773
41 77 9
51 93 8
63 98 219
65 19 4
31 35 699
79 45 9
26 77 2
48 85 829
91 46 5
75 52 514
78 20 20
71 90 113
72 2 795
89 65 673
77 49 1
59 58 832
33 41 5
6 41 10
7 47 6
40 63 6
14 36 2
68 24 70
44 12 7
97 34 10
30 79 10
29 39 1
34 47 6
0 59 224
83 19 5
31 62 850
87 79 647
83 64 717
60 57 101
69 39 10
51 83 2
91 30 5
77 65 2
67 61 8
58 28 416
81 18 885
21 47 10
95 19 677
30 16 8
11 54 124
42 76 760
83 5 7
70 47 417
17 38 47
23 39 7
51 73 8
25 22 122
82 29 413
27 39 984
90 17 3
30 14 10
100 100
75 78 4
54 69 284
66 31 821
2 84 489
83 29 1
0 7 9
71 99 4
94 15 742
24 90 3
68 20 9
42 84 173
83 0 7
22 42 5
48 64 915
27 95 117
80 0 9
53 63 5
17 91 348
56 51 527
30 55 939
60 42 7
97 74 885
71 85 5
63 0 3
69 6 8
7 39 6
50 51 418
47 27 9
17 88 5
40 66 621
55 59 10
81 51 1
4 92 162
43 73 321
10 70 972
27 28 341
66 15 5
49 84 364
74 60 9
17 64 812
36 69 10
69 87 576
14 89 976
0 1 935
19 15 3
96 21 446
29 37 945
57 0 899
98 70 256
73 16 4
1 24 909
39 73 4
14 65 5
14 3 23
10 25 540
96 6 2
23 20 689
61 72 261
9 84 906
70 24 2
50 67 909
65 5 2
75 0 1
61 58 781
17 24 6
25 41 970
51 82 151
63 60 7
47 52 553
80 92 9
53 11 356
58 90 328
70 33 725
12 29 7
85 14 1
47 77 224
66 62 598
18 22 6
90 34 4
6 35 200
63 38 476
17 76 847
86 90 8
51 15 6
99 75 4
24 69 4
23 26 52
93 14 3
44 42 719
96 45 242
51 88 10
13 37 130
88 32 3
85 8 567
79 17 6
47 36 9
20 90 3
63 32 8
32 55 8
33 46 403
100 100
65 69 8
15 81 667
88 24 954
85 8 6
15 34 867
12 78 558
32 21 1
69 86 501
1 61 899
74 67 3
42 43 105
20 53 726
60 32 855
84 82 670
18 52 1
12 9 10
89 70 127
69 19 486
21 37 77
91 24 1
99 6 608
24 2 3
24 29 8
64 30 3
90 48 666
53 9 6
9 98 8
9 58 6
67 47 588
4 52 1
76 21 30
18 14 4
70 39 842
22 11 10
96 24 455
56 41 205
99 77 3
63 65 504
9 80 3
26 5 488
49 74 4
10 55 248
58 48 769
4 58 10
24 67 5
39 44 213
10 97 191
69 23 8
11 2 3
21 16 8
4 27 718
12 25 128
17 18 32
8 29 4
31 30 1
10 15 10
53 33 8
58 0 779
18 72 2
28 10 184
4 40 315
33 7 996
23 93 542
9 38 7
92 85 376
15 50 39
58 94 9
58 71 10
43 29 369
36 32 997
11 13 4
26 71 5
24 88 955
57 9 7
85 69 9
99 58 9
79 10 15
72 54 2
73 38 937
15 8 6
45 99 2
91 39 368
75 32 10
35 10 4
61 90 507
95 9 934
4 24 7
69 56 7
3 45 1
87 46 393
53 62 890
11 68 673
53 51 2
64 24 1
66 45 8
72 21 2
59 3 274
52 87 1
83 29 912
84 99 783
100 100
68 61 4
74 77 703
17 38 952
82 22 641
89 66 3
33 13 4
91 75 1
4 89 4
93 62 695
13 11 5
70 95 140
10 72 275
28 23 538
85 4 8
22 13 10
61 47 10
4 24 8
8 26 341
90 11 7
38 68 4
42 39 401
51 87 72
4 51 2
62 67 185
9 36 8
20 24 973
81 49 999
4 11 8
75 45 708
99 8 9
66 52 135
0 76 434
88 1 242
11 43 494
39 2 145
49 35 308
78 39 737
41 66 1
66 53 660
56 5 8
66 69 3
57 46 5
68 4 8
49 29 10
3 69 4
89 2 6
60 94 271
60 71 6
79 83 564
2 46 2
60 7 595
4 8 1
58 12 171
14 6 997
97 63 5
74 63 7
88 71 2
73 60 673
27 48 36
51 19 693
70 92 5
72 75 5
11 84 6
78 16 795
25 4 10
65 30 680
37 68 615
59 61 193
5 4 9
29 60 8
92 74 10
70 98 696
61 64 10
20 96 162
80 21 990
5 6 417
83 60 4
29 4 3
76 20 714
74 60 7
18 64 779
69 80 84
62 52 107
40 61 10
66 86 852
5 31 7
9 68 6
27 11 66
44 74 888
40 55 537
94 32 635
15 12 6
72 34 392
9 12 2
75 41 7
97 28 645
84 30 313
54 85 4
13 62 8
45 50 661
100 100
10 0 6
4 59 1
58 67 799
79 13 238
24 22 8
31 50 8
91 71 257
4 0 4
50 2 10
53 23 4
31 26 3
97 89 9
84 1 452
92 77 771
62 97 7
85 0 1
43 63 935
16 64 8
40 65 530
82 37 923
65 51 114
62 94 465
22 14 597
86 93 2
4 8 10
31 99 187
22 47 1
97 45 9
42 6 779
93 3 10
47 73 1
0 9 4
17 33 105
36 38 10
87 30 5
19 33 306
59 66 10
44 81 711
47 0 7
69 23 345
9 50 8
72 47 811
16 55 629
8 96 562
75 43 454
47 12 215
73 7 3
33 53 4
63 38 265
62 27 568
59 80 7
22 57 9
98 76 29
32 35 8
1 0 454
4 97 4
95 73 41
25 95 840
49 79 691
66 53 2
5 39 20
57 90 3
78 76 226
18 7 1
88 74 2
32 41 699
10 28 906
54 18 295
66 65 325
3 82 568
34 36 6
87 61 951
79 11 253
39 45 468
52 31 349
13 46 405
60 7 174
85 84 1
86 77 3
32 8 7
68 22 372
80 83 663
48 22 10
90 15 890
79 47 7
93 0 10
70 22 690
67 80 3
56 84 50
24 34 9
21 58 910
88 22 6
81 50 114
30 9 3
47 29 1
67 76 10
29 71 671
20 97 521
42 50 4
85 16 7
100 100
26 71 4
64 48 8
94 7 647
75 96 1
61 63 136
22 8 3
20 80 8
84 69 6
32 19 3
76 72 642
51 22 6
49 50 295
95 91 232
79 10 181
92 98 901
68 37 3
17 47 5
30 3 9
48 76 8
57 77 678
83 41 212
32 40 200
46 73 399
32 68 9
31 99 5
58 64 311
18 63 7
60 0 66
27 97 9
43 81 598
97 6 883
19 20 3
34 64 375
19 1 62
51 86 1
7 44 6
29 42 797
36 61 372
48 89 8
33 64 7
5 46 2
42 54 5
9 6 182
37 95 2
56 39 223
97 54 2
74 94 527
78 75 4
85 12 4
28 35 341
64 59 4
52 30 983
97 12 8
15 18 8
64 70 363
47 51 5
89 38 1
44 2 310
59 18 4
75 4 144
60 64 4
52 85 766
64 68 7
57 18 225
18 25 382
84 64 4
11 22 770
93 15 9
78 64 3
15 62 4
45 76 3
22 44 2
65 15 6
56 84 146
67 42 760
98 50 531
57 43 751
5 68 10
23 78 2
83 14 997
51 33 1
62 21 89
3 53 460
22 31 3
26 7 4
97 33 8
76 90 107
12 28 805
27 87 955
24 93 998
55 17 551
76 13 692
10 17 27
86 83 3
95 92 749
75 66 7
36 82 115
40 88 445
54 34 358
83 16 932
100 100
34 47 571
7 66 9
50 64 8
49 90 5
21 40 2
2 61 356
14 23 245
60 27 693
8 69 6
47 46 464
36 39 987
69 50 2
2 41 4
15 71 420
59 30 657
96 58 5
43 70 6
29 65 647
6 98 9
89 43 538
91 39 3
77 21 104
67 20 926
79 57 60
48 83 1
40 92 6
41 81 4
2 15 177
22 58 3
45 27 3
47 67 5
93 84 3
43 58 1
88 63 2
51 43 6
53 9 796
4 55 695
51 44 4
16 54 155
12 84 7
0 81 675
83 25 283
67 66 5
35 68 4
7 88 4
28 78 8
42 97 217
84 52 9
23 29 595
55 44 556
74 37 245
95 89 674
33 36 307
17 6 568
5 13 622
73 6 10
11 22 10
13 97 173
52 67 6
19 90 594
18 70 442
18 40 457
7 87 459
9 47 326
85 30 170
51 68 3
40 67 1
23 64 2
27 21 9
99 35 4
31 52 947
11 42 8
64 57 365
52 75 709
96 56 515
85 96 5
8 26 76
73 7 6
40 41 6
82 11 7
10 50 205
91 67 7
3 69 737
17 86 610
62 6 442
38 28 10
72 81 11
74 68 188
96 80 231
81 24 199
90 48 5
58 90 5
40 38 3
32 90 884
40 58 8
22 50 2
73 16 8
1 40 336
63 76 509
94 58 704
100 100
0 75 4
5 75 887
4 92 4
2 60 10
37 88 194
72 30 196
60 84 873
24 8 5
78 61 385
83 72 609
91 92 956
49 15 98
29 6 742
7 4 6
32 0 8
46 35 738
69 98 680
17 50 4
25 63 953
3 51 5
50 31 709
44 86 5
27 72 4
89 21 387
64 55 6
57 78 2
3 96 69
23 55 7
88 42 7
0 64 2
42 58 10
49 29 5
40 95 565
70 40 8
29 88 4
92 48 3
74 86 2
68 12 571
64 22 6
27 10 208
88 24 4
57 67 945
34 22 7
0 16 9
21 85 757
57 46 201
41 8 116
81 72 481
74 1 221
24 68 6
20 78 59
11 65 139
90 59 368
57 24 10
88 65 2
52 40 759
89 76 300
32 98 5
79 34 315
77 25 509
73 32 505
3 80 736
60 0 8
33 10 142
72 99 2
28 37 416
22 71 304
87 62 3
62 86 3
19 66 219
38 53 2
63 36 8
13 75 4
1 0 245
65 16 8
72 63 8
65 39 768
44 4 10
87 54 209
59 27 87
56 63 514
58 82 949
99 0 2
44 51 4
44 66 2
43 85 993
45 87 42
55 40 6
66 93 9
51 99 10
50 18 2
14 27 4
94 5 169
50 23 1
89 62 25
26 75 545
47 65 668
65 38 5
97 29 506
9 59 120
100 100
92 55 309
58 20 113
0 3 5
98 5 6
19 33 689
83 53 2
45 65 6
85 91 325
6 60 7
67 39 10
15 44 436
83 70 8
5 28 552
66 47 834
35 74 2
63 83 9
66 60 7
78 82 356
29 97 744
69 31 992
53 0 7
0 49 1
38 60 2
59 41 6
56 84 325
0 0 1
80 79 381
59 66 4
9 73 409
14 78 1
77 83 155
38 71 959
52 15 4
53 89 5
67 40 709
8 98 963
78 9 576
62 68 879
50 26 18
88 54 623
19 4 775
0 93 3
14 13 551
72 59 734
5 16 981
26 3 7
17 18 4
87 18 3
94 55 407
14 83 1
91 35 738
34 81 8
33 15 3
18 54 3
36 91 696
17 61 786
93 80 7
75 68 208
76 40 797
54 67 3
10 81 116
16 90 215
22 70 8
33 59 10
27 14 2
32 94 302
37 43 777
95 59 8
12 98 262
48 83 4
11 56 8
18 97 397
54 59 4
18 58 4
65 69 867
57 99 7
60 75 4
0 59 5
49 24 800
94 3 252
59 57 6
68 7 395
0 96 685
51 81 10
35 54 5
99 86 416
10 64 48
18 46 267
99 30 670
25 17 4
21 3 4
58 23 9
21 2 789
59 43 729
65 57 4
75 42 4
0 34 10
56 17 3
35 1 461
0 5 6
