2000
24278
30483
51092
6214
26806
26829
37992
19301
37142
61763
69643
54256
68583
4674
49912
15678
95901
61181
16088
54656
40120
91903
21664
26292
1044
52240
81930
69601
9524
12592
89040
30319
74721
1527
69173
74858
93622
88689
79140
4981
62572
50475
90689
69904
63691
7267
78988
62933
74874
60342
1958
75564
11324
27343
78296
63028
1935
59704
85699
83122
25959
31102
30515
72226
12410
89500
69074
10962
79789
75105
57883
150
50073
76589
72232
28741
16007
1906
21113
6132
6429
50512
4837
48013
51571
91102
79275
87010
86828
55208
44388
56149
86898
28126
4190
91825
16251
63206
50798
88368
11075
96784
67588
40553
35437
33096
80881
54163
30081
59623
99316
84792
21227
61963
89944
63241
8828
34931
16815
81634
62699
71560
45625
69059
82258
47421
56439
12636
37773
36673
69380
5701
86247
44064
96204
77865
79590
92456
41938
52237
64205
3371
85712
2883
24639
8427
37448
93955
50141
86354
58060
5645
83599
58456
43091
26860
8262
66002
55895
24009
45264
20530
96755
59152
27924
60397
21835
50308
57632
8664
58964
26092
73923
60600
3073
57437
255
9939
74654
87629
45454
11631
52222
14433
10333
87790
15029
79181
56635
16423
36990
32974
46547
37407
93538
15404
34185
15330
96431
15902
15285
58273
95352
73559
54858
30719
61125
31064
42925
90258
2321
32001
92368
93
33425
60026
49707
7779
50801
4941
55823
44658
56198
15989
13696
1324
11560
89705
98571
63594
13874
52723
53937
86294
8432
13059
54263
6585
66881
91934
89979
20433
38516
6744
2980
27606
97806
36086
91991
83000
40350
12994
76565
66489
87400
50151
17715
60600
37032
2705
90495
50301
19864
377
14553
8511
3129
9856
50678
2170
65143
28031
63364
12773
34374
25968
2157
1017
11727
49628
19799
43353
25640
98746
19871
24230
27193
40505
99116
1797
51506
11520
74749
72536
21600
53972
70635
82992
3693
69241
73425
81142
28843
4995
25724
64701
36753
95766
98626
67027
94135
94085
59929
94671
87616
50443
89839
12253
59911
40115
20910
23336
85964
15810
75619
24933
17649
46841
80846
59673
6213
62446
44985
40295
70905
79610
92746
84130
69333
76809
90886
42887
60969
38680
20104
98426
94143
52355
33910
48858
93483
7369
81701
7791
62526
51033
82225
44986
78504
85296
6944
34463
16655
49516
3305
95181
87204
89255
28698
77784
64835
79964
64483
40684
34767
18972
46075
89557
52183
35598
78685
70536
83434
39512
82867
37190
73818
5782
23525
22033
54603
15086
98915
94356
29248
92865
22362
60863
93279
5502
99600
5398
55222
49799
13089
24715
75170
28741
708
6836
67683
78304
88099
49964
85577
11795
82298
35625
46397
76566
29695
38580
12771
49495
24475
83867
78569
29862
47857
54571
34491
48811
26375
50132
10770
17719
83641
72007
25413
86441
28199
76184
61074
84404
56253
99784
59996
14992
47536
71155
72319
96147
99981
28905
67474
31936
8830
78730
35882
67404
99744
14367
80635
78743
85183
34449
8325
29289
11366
51102
61012
58747
79891
92734
87563
95654
25758
8000
77309
89238
64979
91895
12817
81237
79854
94024
46037
74497
59604
6962
82721
22871
43727
76889
64309
72468
98075
43027
21950
30214
921
93479
99560
42790
14343
61339
48983
5327
10123
71738
94189
4122
44201
42485
87783
60193
65495
80053
11942
66045
86727
83405
48139
17914
63263
24189
73549
94635
41044
32734
95082
2859
8718
36473
7332
49729
27941
5815
63880
96239
68395
80960
31379
32013
83739
21292
10535
13494
6937
16825
34020
4628
77293
43971
95150
64913
33419
72203
66670
59827
69493
57176
45373
4898
12832
10860
29585
68939
42378
29189
73013
54558
37426
69060
99533
38044
79576
12612
53302
66376
88398
68103
38636
20030
12108
80199
62688
78534
72593
42717
49388
51966
69263
4441
73075
30607
33926
61836
65360
46574
36099
93632
93544
30143
17535
66537
97629
78605
3433
51933
2101
8142
35811
47970
66229
33184
59369
79010
88560
46832
59211
89316
35686
72530
32262
14919
38749
22992
31197
61982
84366
76988
23684
92606
23225
39933
26845
25670
21434
95572
64675
46973
89873
39806
10060
98354
39725
33907
51775
38841
37876
28910
18516
12034
16760
65507
78258
81550
87197
50238
23952
30185
45183
90174
13168
95637
93334
30391
79700
14786
99670
50692
97141
26044
64361
44803
12442
77169
58447
73400
1390
58443
34640
62322
60321
92712
33504
48187
11126
38280
24505
60288
4750
38703
41392
22540
20171
4
99148
750
93751
80446
1942
52467
27143
83798
57630
3726
44624
16275
72880
32198
45783
45053
37406
99390
44341
64610
81635
23668
44602
1685
78075
90817
58206
29669
48851
27097
28940
77218
46517
26291
85395
43514
73660
68851
83445
20094
99071
1639
34291
3190
44584
13694
81102
72724
48917
12518
35740
30009
39408
69296
64210
20385
49156
80113
79975
69785
87567
39791
27589
91945
76776
64132
12797
41813
88523
27675
21291
26768
46412
73632
76925
16357
32883
23848
6074
54588
8648
29740
39779
11446
33517
85741
28278
28333
57137
64520
70528
53515
54035
28343
35463
61647
3244
10820
60786
67809
65112
79238
25671
22336
10231
71869
59112
4313
219
48389
62226
6642
20304
79343
8159
88831
27247
24351
2860
97657
45568
21541
99076
24451
4562
50882
73045
34819
10788
14482
765
35720
25433
19047
68164
12656
52631
14026
92328
37806
45022
92551
87226
57358
75778
47647
1492
59380
91832
42161
81778
55172
55518
62630
38948
73228
28902
4011
72292
99346
12410
55459
11324
96935
90113
49677
25950
90302
86148
91567
97202
95508
92311
16883
1386
77012
69403
9563
14337
47486
29724
80831
22635
72103
16768
55439
11714
12585
68348
64103
7633
55485
806
81237
55786
64535
61424
58751
82191
48689
15169
99288
71103
45155
76620
94738
55602
55131
1139
77750
75859
41341
46256
60322
9926
88344
37489
30849
36796
34951
21569
95362
92272
16632
40053
72678
24381
29519
93042
44831
58265
52955
82070
63284
35380
24337
1503
18112
52693
89601
27161
85771
29480
96451
92161
57951
7127
25190
38180
83930
17915
52671
24581
30400
36417
17297
12174
33180
93755
57311
84426
86194
15443
47991
48158
84859
16093
11323
78800
35728
38258
79965
63967
53487
87279
8526
11959
30193
28830
73646
91125
38429
15238
9045
7699
49354
32992
78258
54408
61366
75417
69246
45432
62963
49129
45434
80493
77019
90555
63879
68956
88412
28242
11422
11616
50470
87257
33098
25751
56942
89448
22501
40516
38083
10814
88921
46081
56053
66072
22101
62696
25483
9694
10310
43918
21001
5432
36576
86458
60594
21298
61370
56476
41641
68883
38276
4118
19037
68003
87332
99565
30955
90572
75847
65597
73820
4935
21390
50014
38256
53705
75400
9806
92482
65290
13424
66627
50836
98823
67043
94648
87417
64283
32290
95683
7752
97606
48535
67750
9577
99086
80238
64336
10496
53281
86084
85354
1974
62350
47729
13305
13839
42227
89511
53880
65420
8892
44924
93984
26917
26108
40738
45930
47144
30095
93308
12523
89614
1815
62515
92438
68326
69354
37327
61372
20004
87999
77075
7935
12737
80098
99416
14747
55954
69752
95007
29205
34683
36325
20668
80115
92185
59506
43383
85404
27246
38527
63673
99827
46591
56174
99317
66126
96985
84901
55435
9534
78296
83460
44988
26114
17655
10447
91994
47239
30831
76807
39747
80637
54362
29315
21361
90522
29559
22615
80577
11597
81655
96254
37652
29169
43707
79521
62066
54499
49130
44306
14011
60217
45788
65007
26578
92208
33289
77615
7440
91027
3191
13272
58913
59071
88978
62445
10462
12802
63475
65459
69831
39267
44586
49698
82065
9242
2012
20471
38964
33416
6644
65727
91527
18216
85573
63435
53976
55266
24158
56507
61167
67695
86044
40105
50538
43007
57659
29958
36288
48800
27608
72458
54461
90308
98488
46680
52275
67395
93483
12253
44416
48605
80879
80504
86769
33120
51119
90594
29539
36023
67611
81530
34577
11785
48070
61961
2793
97897
47239
85539
76703
80739
22422
6265
97536
90285
64036
47255
85517
66006
43604
13291
28686
30966
55542
55313
51032
54457
5251
70169
62221
68320
82575
69608
33002
12923
3647
81729
4981
98118
93850
27221
8346
27483
67800
62849
88545
60773
63130
85563
12616
60500
70221
79997
59743
52144
80511
64292
96430
63936
94253
32345
46080
6970
36814
83834
64067
43292
35798
65532
27770
1711
28396
80592
42272
95003
51154
61136
61131
32321
42039
62314
62624
75432
3602
24872
56159
55704
97781
30780
39750
45550
64850
58519
11289
49277
6978
77156
35145
11191
14755
36018
86703
88512
3078
29021
97489
51698
10495
34907
80390
45307
48857
38232
56843
65947
54530
74158
66537
13436
3249
86341
86792
49660
48627
91451
35609
11244
40544
13907
3399
35312
21383
22418
74615
78337
12636
41034
13830
33995
99519
98706
28098
89176
52614
57514
3407
23099
87410
41908
52924
27985
75596
58343
10918
48479
59884
85759
14461
5205
95036
91603
11626
39207
78363
63203
80543
463
6064
72196
15286
75982
59966
3314
55046
1704
21333
99579
57604
63020
95867
16053
36355
74851
93415
81740
24561
61098
6692
42881
63884
82881
37605
87341
64120
43524
63963
74040
1617
43707
64581
79174
55259
83434
30368
70179
77335
88541
25259
20817
90134
17302
50804
5112
92467
17560
9200
66618
82520
95087
36561
78990
27871
52814
48746
41311
40430
23811
21224
47004
68119
1540
94909
93385
11972
46770
39019
47353
70083
67277
16512
2797
76802
84866
22278
32176
84885
15694
41925
60895
62344
42189
61247
6026
63675
68123
96544
89497
82027
8520
67004
94628
70142
33644
43543
6165
35087
17510
50380
97842
78969
20426
51231
79719
14803
54614
73242
20237
79988
1955
30296
40097
33806
33512
26337
46267
44589
63468
99509
1713
15354
43710
65025
14330
5306
63682
90887
10418
9222
43042
30977
65653
96580
19395
50278
73606
1218
71139
47996
10728
6579
24642
27687
38354
9820
11912
74820
95587
54772
39247
5671
38516
73166
3852
38504
53594
84209
32543
42018
70286
20764
19271
20159
51640
89899
20374
91271
43724
12418
16028
63350
21399
1497
13742
117
76682
6691
97469
50266
82559
57176
42229
90752
75938
2117
4144
63975
56626
68109
46982
9409
73315
40026
53225
54452
54682
22568
61428
12324
52421
4575
96240
69836
72041
96166
40548
62434
26327
61668
12522
41293
29688
42700
62208
61748
28207
32054
19946
11909
69887
35401
76169
10204
89828
96806
84169
77667
68521
81955
16180
60486
90669
5154
38880
90581
67093
26954
30428
43926
10127
25112
52069
63773
19234
31177
34881
27862
68052
33931
83653
26096
9850
46301
20085
91552
52607
75553
36681
86731
15689
18434
66367
98587
4728
50503
6179
88408
83004
86232
77792
89025
66948
67862
90507
36875
5601
91696
9305
46785
91842
48413
92887
12160
9221
65428
42744
97817
4648
50709
64121
71835
62098
36188
90270
77951
30025
46758
47479
16003
86856
78191
22199
27707
50327
49071
49023
10089
65414
28663
51664
93249
92843
93415
32464
66554
57634
16297
3220
53101
92655
33215
64512
40042
81132
69275
37154
20196
61674
83746
31307
42727
44952
27897
52771
81539
47057
30407
32607
56827
53353
23832
82667
79882
3063
67872
49336
47623
12958
37900
98654
30046
29805
26830
94267
16941
6559
45445
89859
68680
88517
13421
26197
55519
34291
36694
85141
93007
56439
78218
99560
98915
12074
79836
28054
40487
3322
59819
48663
22112
38852
1714
25440
96750
20247
44968
26847
14347
59400
35469
75784
47026
61051
60591
18071
61097
80456
70303
57283
30423
83244
67753
82162
38800
86103
65396
71663
17239
75015
49311
80449
49546
68082
86339
38656
53963
35762
97315
50694
7245
5107
21099
6179
70291
61403
52088
8869
26221
8900
53964
1544
42042
31111
86657
94063
5185
32620
34209
25959
40423
95912
59541
8850
28374
76127
24344
59406
72505
75508
75561
20158
7500
88300
29959
58564
2144
43631
26087
26353
46470
94686
93465
82058
77514
35488
42015
72890
71589
47564
81446
86819
41841
55572
67226
67927
10930
94212
24285
86719
11442
87919
28733
20643
85798
6770
96763
2116
90867
40738
90677
58768
57793
43652
90352
41823
25284
37670
69598
72708
27952
25409
1874
6813
34906
79682
80064
88769
53275
84287
23508
8852
96241
82393
36186
31898
51526
13542
71305
15806
45558
52690
829
13270
69350
3989
51649
76261
74839
7492
53690
81677
52727
93287
27306
48367
7497
75649
71548
75359
8991
26833
85276
23539
70983
70496
39247
21256
29103
60039
46909
56469
70761
16384
39789
57301
32904
67249
73378
418
40169
97205
46509
87499
71715
29835
88311
2154
90817
31773
38055
25268
28375
28676
36148
81457
38422
43244
55959
59935
78052
9186
8468
6447
97196
14336
54563
46246
84216
15005
43328
37683
59246
1067
69866
71883
15906
