1
100 100
1 100 1
1 100 1
1 100 1
1 100 1
1 100 1
1 100 1
1 100 1
1 100 1
1 100 1
1 100 1
1 100 1
1 100 1
1 100 1
1 100 1
1 100 1
1 100 1
1 100 1
1 100 1
1 100 1
1 100 1
1 100 1
1 100 1
1 100 1
1 100 1
1 100 1
1 100 1
1 100 1
1 100 1
1 100 1
1 100 1
1 100 1
1 100 1
1 100 1
1 100 1
1 100 1
1 100 1
1 100 1
1 100 1
1 100 1
1 100 1
1 100 1
1 100 1
1 100 1
1 100 1
1 100 1
1 100 1
1 100 1
1 100 1
1 100 1
1 100 1
1 1 10000000
1 1 10000000
1 1 10000000
1 1 10000000
1 1 10000000
1 1 10000000
1 1 10000000
1 1 10000000
1 1 10000000
1 1 10000000
1 1 10000000
1 1 10000000
1 1 10000000
1 1 10000000
1 1 10000000
1 1 10000000
1 1 10000000
1 1 10000000
1 1 10000000
1 1 10000000
1 1 10000000
1 1 10000000
1 1 10000000
1 1 10000000
1 1 10000000
1 1 10000000
1 1 10000000
1 1 10000000
1 1 10000000
1 1 10000000
1 1 10000000
1 1 10000000
1 1 10000000
1 1 10000000
1 1 10000000
1 1 10000000
1 1 10000000
1 1 10000000
1 1 10000000
1 1 10000000
1 1 10000000
1 1 10000000
1 1 10000000
1 1 10000000
1 1 10000000
1 1 10000000
1 1 10000000
1 1 10000000
1 1 10000000
1 1 10000000
