68
3 95 226313
3 98 249201
3 74 44159
3 37 44890
3 81 78466
3 55 80696
3 39 44484
3 56 34946
3 16 113
3 11 480
3 22 9062
3 65 246730
3 23 102
3 47 64107
3 100 3339
3 69 81242
3 74 210732
3 89 621622
3 4 5
3 41 47558
3 84 151299
3 22 5997
3 43 37
3 43 28183
3 80 418851
3 17 676
3 18 553
3 74 229859
3 4 5
3 71 25233
3 19 1772
3 85 321025
3 66 28497
3 16 1964
3 32 5948
3 33 25215
3 95 763763
3 53 85498
3 16 3566
3 88 94255
3 83 211779
3 55 155540
3 36 41972
3 2 2
3 76 33501
3 74 45420
3 14 1616
3 64 81369
3 13 1680
3 28 10649
3 25 7312
3 2 3
3 31 29745
3 86 583512
3 73 86814
3 19 3489
3 42 48770
3 24 6678
3 84 48038
3 14 264
3 98 825490
3 63 239476
3 99 520634
3 95 69956
3 3 6
3 35 37362
3 22 3868
3 35 29927
