100
4
10 5 15 5
2
100 100
8
81 81 81 81 81 81 81 0
6
23 90 40 0 100 9
2
0 0
10
100 0 100 0 100 0 100 0 100 0
10
100 100 100 100 100 100 100 100 100 0
5
16 14 16 52 24
6
70 44 44 81 11 85
7
87 67 77 9 75 42 61
8
79 46 56 72 77 67 35 1
9
62 12 35 91 82 30 3 16 47
10
46 41 66 59 80 85 83 77 18 40
10
29 11 8 30 62 56 24 23 56 4
10
58 8 81 11 77 17 52 88 91 5
10
91 32 44 22 17 13 20 77 38 73
10
26 68 42 14 25 20 85 27 16 63
10
14 40 14 43 14 5 40 92 26 7
10
68 75 57 61 50 5 20 87 79 2
10
31 79 9 41 37 12 12 95 31 35
10
0 39 35 44 20 13 17 8 68 23
10
55 10 58 47 53 58 88 55 55 13
10
38 49 18 14 12 65 77 82 18 59
10
73 36 69 8 84 51 99 19 30 46
10
54 57 2 85 95 84 57 95 78 33
10
7 22 92 90 92 17 67 6 82 81
10
70 30 6 24 12 1 41 10 79 49
10
44 26 2 23 58 91 53 72 46 80
10
59 80 79 50 88 52 54 68 4 52
10
87 16 73 56 76 57 85 3 8 88
10
26 86 52 67 36 67 61 53 26 8
10
72 75 47 63 49 96 46 10 52 51
10
27 80 48 93 7 64 24 40 21 20
10
9 25 51 89 67 69 18 56 68 21
10
27 20 98 9 80 3 8 12 18 74
10
82 14 36 41 71 86 29 51 20 71
10
86 93 33 25 80 2 27 9 51 40
10
25 62 41 51 40 97 56 30 21 12
10
6 34 86 64 95 47 69 75 0 6
10
98 2 31 43 13 83 5 71 1 35
10
7 8 30 83 48 8 30 22 31 16
10
11 52 6 18 91 14 89 20 97 34
10
67 92 90 79 19 57 48 23 73 32
10
35 56 0 66 89 70 0 55 72 25
10
96 68 61 26 41 79 62 85 97 98
10
37 52 63 87 6 62 37 76 28 66
10
79 78 28 66 86 59 90 69 5 37
10
18 58 25 29 52 37 72 52 88 53
10
56 47 38 5 7 99 34 96 20 84
10
34 85 14 54 0 33 34 51 82 16
10
72 66 8 53 90 44 77 72 84 16
10
36 98 26 59 40 68 58 73 30 41
10
55 7 55 28 35 86 14 24 59 73
10
82 77 67 14 88 64 64 69 73 66
10
27 46 18 71 55 76 28 99 73 10
10
22 15 40 19 23 76 94 24 29 92
10
63 89 43 86 45 52 7 80 80 28
10
5 78 15 96 95 82 63 38 8 14
10
28 42 4 68 64 2 18 66 55 75
10
44 81 26 68 86 73 81 42 71 45
10
21 4 9 96 7 69 13 90 55 19
10
62 23 68 71 12 3 85 11 57 32
10
64 66 86 92 87 79 27 56 84 74
10
72 42 99 68 0 39 46 91 67 37
10
67 15 73 80 36 51 83 75 83 70
10
17 80 82 62 29 69 6 65 33 61
10
40 2 15 73 98 24 58 64 1 1
10
3 60 60 58 4 22 97 90 8 75
10
13 61 11 16 97 21 41 45 86 49
10
8 7 51 81 8 43 56 90 54 45
10
56 36 70 23 23 29 27 64 12 61
10
34 70 81 21 97 80 61 42 41 74
10
20 88 32 20 55 80 35 52 56 4
10
35 60 52 62 56 98 6 15 23 51
10
51 68 94 95 34 33 34 63 46 54
10
63 18 71 8 35 30 62 99 32 31
10
70 37 49 54 62 4 27 26 54 29
10
17 60 36 57 45 77 16 5 84 92
10
67 51 73 76 91 4 18 61 96 15
10
86 32 99 76 47 35 30 67 65 24
10
65 49 38 94 24 98 49 89 55 51
10
65 46 79 44 6 86 95 11 39 87
10
46 27 20 10 71 96 85 14 77 12
10
38 42 57 41 71 13 45 71 40 28
10
88 17 80 56 50 97 94 50 91 66
10
23 4 50 38 38 34 54 23 24 11
10
57 48 92 64 39 60 50 8 4 40
10
18 35 46 63 15 41 45 3 48 67
10
14 66 62 16 48 67 52 72 35 16
10
14 97 84 71 87 90 96 75 47 1
10
64 60 84 58 45 7 8 27 25 50
10
58 56 5 28 69 52 41 9 79 30
10
38 32 66 63 42 87 66 9 2 54
10
58 92 78 64 43 89 46 7 49 9
10
54 69 23 73 16 29 32 32 42 47
10
52 40 78 21 25 29 42 32 35 29
10
86 9 35 89 59 23 5 95 88 89
10
67 35 47 36 46 22 15 1 92 68
10
16 53 58 42 0 2 34 3 15 0
10
7 37 73 90 16 33 26 6 83 18
