174
8264 8918
4215 8374
1655 1701
3266 8305
5092 7896
1582 7171
5677 8719
4097 8029
7253 9369
97 3313
7735 9100
570 2289
6168 6878
3094 8284
5767 9892
8032 8648
2000 3916
9370 9538
103 250
6671 9345
4740 6247
154 1171
8513 8721
9483 9682
2891 9766
8069 9743
2582 7134
4786 8510
147 8169
4600 4638
6117 8607
6060 8978
710 2062
7951 9589
6334 9099
9625 9717
7268 7403
8944 8970
744 6761
1284 2749
7160 9132
3160 8932
7283 7909
3625 5909
4187 6390
5543 7003
1149 1386
7990 8206
1558 2118
1542 1996
9535 9880
7069 8751
3154 6612
8498 8555
3892 7125
8647 9899
6715 8967
4588 8936
2496 4883
8266 9106
5802 6520
8109 9783
3389 4165
3898 5125
5987 8569
6454 8199
2011 9703
7879 9336
2952 3019
3862 3941
7437 7839
8726 9028
3158 6139
8158 9125
848 1605
1787 6222
7654 8656
7369 7910
3483 3541
9766 9912
5495 7346
8871 9788
1369 3221
7188 7416
4161 7717
4849 9130
7961 9451
7874 8559
3207 9408
4620 6143
1619 8315
8351 9753
5697 6227
8398 9043
7086 8288
2631 3728
6941 8769
4695 9295
2398 4899
8432 8694
8975 9174
2622 6035
9299 9987
3457 7120
2967 9509
636 2072
9366 9931
2989 8571
4007 9836
3073 4687
4760 8424
1456 2874
1343 8492
8517 9493
8195 8745
2944 8979
106 4758
6346 9108
3236 9464
7270 7320
8153 8542
3317 3647
5381 5925
8607 9011
308 9791
7027 7902
3047 7104
9184 9499
9440 9922
2117 5399
9667 9668
6449 8812
1058 1987
2529 3148
6602 8005
37 8315
8380 8774
4861 8484
4462 5685
110 8356
7123 8579
2687 9262
5615 6287
1774 5025
980 1079
2000 2582
6680 9467
6848 9285
2881 8584
6192 8099
1170 8056
7714 9641
5889 9721
2196 2974
1814 7922
5020 9271
2778 4831
970 1134
5722 7895
8021 8706
9350 9721
4398 4422
4870 9666
1058 7598
662 8507
9437 9459
5314 7028
5688 8703
3225 8734
2367 6829
9312 9351
6956 9817
5288 8477
8583 9832
