511 0
4095 0
63 0
8191 0
2047 0
4095 0
4095 0
2047 0
2047 0
2047 0
1023 0
2047 0
511 0
8191 0
4095 0
511 0
2047 0
127 0
127 0
2047 0
2047 0
1023 0
255 0
127 0
8191 0
2047 0
4095 0
4095 0
4095 0
31 0
4095 0
4095 0
2047 0
2047 0
2047 0
63 0
127 0
15 0
4095 0
1023 0
2047 0
8191 0
511 0
2047 0
2047 0
1023 0
255 0
255 0
511 0
255 0
255 0
2047 0
4095 0
63 0
4095 0
1023 0
2047 0
4095 0
2047 0
511 0
511 0
2047 0
1023 0
2047 0
4095 0
2047 0
8191 0
2047 0
63 0
63 0
255 0
255 0
2047 0
1023 0
1023 0
4095 0
1023 0
511 0
63 0
127 0
2047 0
1023 0
2047 0
127 0
2047 0
4095 0
2047 0
511 0
8191 0
2047 0
8191 0
1023 0
511 0
511 0
2047 0
1023 0
2047 0
4095 0
2047 0
255 0
127 0
2047 0
511 0
4095 0
8191 0
2047 0
511 0
8191 0
8191 0
1023 0
4095 0
1023 0
8191 0
1023 0
511 0
8191 0
4095 0
2047 0
8191 0
31 0
511 0
511 0
511 0
511 0
8191 0
1023 0
4095 0
511 0
511 0
2047 0
0 0
2047 0
511 0
1023 0
1023 0
8191 0
511 0
4095 0
1023 0
8191 0
2047 0
8191 0
1023 0
4095 0
63 0
1023 0
2047 0
2047 0
8191 0
1023 0
4095 0
2047 0
4095 0
511 0
4095 0
4095 0
2047 0
127 0
2047 0
1023 0
255 0
31 0
4095 0
4095 0
8191 0
31 0
1023 0
4095 0
8191 0
4095 0
31 0
2047 0
4095 0
1023 0
