409
-934 -103 -938 -103
-932 -145 -926 -145
-930 -94 -930 -94
-931 -104 -932 -104
-934 -125 -934 -125
-934 -155 -935 -155
-938 -102 -939 -102
-927 -181 -926 -181
-936 -174 -934 -174
-935 -129 -934 -129
-928 -104 -927 -104
-926 -109 -926 -109
-930 -91 -930 -87
-926 -111 -927 -111
-937 -77 -936 -77
-928 -64 -929 -64
-938 -173 -938 -173
-931 -132 -932 -132
-935 -96 -935 -136
-934 -150 -929 -150
-926 -64 -926 -64
-937 -98 -939 -98
-929 -76 -931 -76
-938 -147 -939 -147
-932 -171 -932 -171
-936 -177 -938 -177
-935 -144 -937 -144
-931 -93 -929 -93
-928 -64 -927 -64
-936 -150 -938 -150
-931 -154 -931 -154
-932 -133 -932 -137
-939 -69 -937 -69
-932 -98 -930 -98
-930 -161 -930 -149
-930 -89 -931 -89
-928 -175 -928 -96
-930 -65 -930 -66
-929 -92 -930 -92
-938 -159 -939 -159
-931 -183 -926 -183
-934 -158 -939 -158
-932 -65 -934 -65
-926 -73 -926 -73
-933 -141 -931 -141
-935 -92 -933 -92
-929 -182 -928 -182
-939 -135 -936 -135
-938 -80 -927 -80
-933 -171 -935 -171
-931 -103 -931 -103
-933 -174 -932 -174
-933 -105 -938 -105
-930 -149 -930 -149
-930 -138 -932 -138
-936 -61 -930 -61
-931 -174 -927 -174
-930 -158 -929 -158
-926 -107 -926 -107
-939 -169 -937 -169
-926 -172 -928 -172
-939 -66 -937 -66
-938 -136 -938 -136
-939 -96 -939 -96
-931 -169 -930 -169
-926 -95 -928 -95
-933 -118 -930 -118
-932 -182 -939 -182
-927 -133 -929 -133
-937 -123 -937 -123
-935 -83 -935 -76
-932 -137 -934 -137
-938 -133 -937 -133
-928 -155 -926 -155
-927 -129 -928 -129
-937 -165 -936 -165
-937 -161 -938 -161
-927 -99 -931 -99
-936 -113 -938 -113
-932 -73 -934 -73
-928 -110 -928 -110
-937 -62 -938 -62
-926 -155 -926 -155
-932 -132 -936 -132
-939 -88 -939 -89
-937 -86 -935 -86
-927 -103 -927 -103
-926 -129 -927 -129
-930 -142 -930 -142
-929 -112 -934 -112
-929 -124 -929 -124
-935 -149 -931 -149
-928 -86 -930 -86
-928 -103 -930 -103
-928 -152 -927 -152
-929 -90 -927 -90
-936 -84 -931 -84
-929 -163 -929 -163
-931 -83 -927 -83
-934 -173 -933 -173
-931 -181 -934 -181
-931 -94 -931 -78
-930 -86 -931 -86
-931 -114 -928 -114
-936 -167 -936 -167
-937 -169 -936 -169
-939 -131 -939 -131
-939 -90 -937 -90
-927 -99 -926 -99
-930 -82 -930 -82
-938 -163 -938 -184
-936 -126 -927 -126
-926 -162 -937 -162
-935 -104 -933 -104
-933 -103 -933 -103
-930 -142 -930 -142
-928 -182 -928 -182
-928 -82 -926 -82
-934 -122 -939 -122
-926 -94 -926 -94
-934 -144 -934 -144
-935 -172 -939 -172
-933 -63 -933 -63
-937 -68 -938 -68
-935 -92 -935 -93
-928 -115 -930 -115
-934 -62 -934 -62
-926 -158 -928 -158
-931 -122 -933 -122
-935 -66 -932 -66
-938 -176 -934 -176
-932 -113 -929 -113
-931 -74 -931 -74
-928 -125 -928 -125
-933 -141 -934 -141
-932 -98 -932 -127
-938 -157 -938 -157
-933 -158 -932 -158
-935 -154 -933 -154
-929 -131 -930 -131
-932 -140 -934 -140
-927 -99 -927 -99
-930 -152 -929 -152
-926 -131 -929 -131
-939 -79 -935 -79
-936 -72 -938 -72
-937 -161 -937 -161
-931 -117 -931 -110
-934 -102 -930 -102
-932 -178 -934 -178
-929 -173 -929 -143
-932 -82 -933 -82
-931 -106 -926 -106
-928 -150 -928 -150
-927 -179 -931 -179
-938 -145 -933 -145
-935 -172 -935 -137
-934 -82 -936 -82
-930 -80 -930 -70
-926 -143 -926 -157
-933 -153 -930 -153
-926 -120 -932 -120
-938 -168 -935 -168
-934 -124 -937 -124
-938 -63 -939 -63
-936 -141 -938 -141
-933 -98 -935 -98
-932 -99 -934 -99
-927 -77 -933 -77
-937 -74 -936 -74
-935 -173 -935 -173
-939 -115 -938 -115
-934 -183 -938 -183
-939 -183 -939 -183
-936 -95 -933 -95
-937 -102 -936 -102
-937 -152 -933 -152
-934 -163 -931 -163
-932 -107 -935 -107
-929 -72 -931 -72
-930 -107 -927 -107
-939 -83 -938 -83
-936 -114 -938 -114
-928 -109 -930 -109
-932 -144 -931 -144
-926 -77 -927 -77
-926 -80 -926 -66
-937 -95 -937 -95
-936 -164 -935 -164
-931 -167 -932 -167
-937 -138 -938 -138
-939 -114 -939 -98
-931 -146 -931 -146
-933 -98 -933 -98
-937 -111 -937 -111
-932 -156 -929 -156
-927 -125 -926 -125
-928 -136 -934 -136
-935 -184 -936 -184
-935 -106 -934 -106
-934 -101 -928 -101
-939 -91 -936 -91
-931 -167 -930 -167
-934 -81 -935 -81
-929 -92 -928 -92
-926 -78 -926 -78
-936 -184 -939 -184
-939 -87 -932 -87
-927 -161 -933 -161
-933 -143 -937 -143
-930 -168 -928 -168
-928 -140 -927 -140
-930 -132 -926 -132
-938 -156 -932 -156
-937 -71 -936 -71
-936 -136 -934 -136
-927 -76 -926 -76
-929 -176 -927 -176
-930 -97 -931 -97
-933 -82 -933 -82
-927 -108 -933 -108
-937 -94 -933 -94
-931 -170 -932 -170
-933 -148 -930 -148
-930 -170 -931 -170
-933 -125 -931 -125
-927 -94 -927 -64
-936 -108 -934 -108
-936 -163 -939 -163
-938 -64 -936 -64
-936 -129 -939 -129
-927 -147 -927 -147
-931 -71 -936 -71
-926 -62 -926 -62
-926 -92 -926 -92
-926 -89 -926 -111
-936 -147 -936 -134
-938 -165 -938 -165
-938 -153 -939 -153
-936 -130 -926 -130
-932 -166 -934 -166
-935 -179 -937 -179
-937 -101 -939 -101
-929 -156 -928 -156
-931 -76 -933 -76
-926 -131 -926 -122
-935 -161 -936 -161
-939 -152 -937 -152
-926 -159 -926 -159
-933 -159 -930 -159
-935 -178 -938 -178
-936 -165 -933 -165
-936 -133 -936 -133
-939 -131 -939 -131
-939 -109 -939 -109
-936 -88 -929 -88
-938 -78 -938 -78
-926 -119 -927 -119
-935 -163 -935 -163
-929 -85 -928 -85
-935 -62 -935 -68
-931 -107 -930 -107
-926 -74 -928 -74
-926 -136 -928 -136
-937 -167 -938 -167
-926 -171 -927 -171
-938 -148 -938 -148
-934 -168 -932 -168
-927 -84 -927 -84
-935 -96 -935 -96
-927 -184 -928 -184
-926 -81 -926 -81
-927 -97 -930 -97
-932 -179 -932 -179
-926 -69 -934 -69
-930 -66 -931 -66
-931 -129 -929 -129
-935 -64 -935 -64
-930 -176 -932 -176
-930 -160 -931 -160
-928 -173 -931 -173
-938 -61 -938 -122
-938 -99 -938 -99
-928 -89 -928 -89
-930 -79 -929 -79
-935 -159 -934 -159
-929 -147 -933 -147
-932 -123 -936 -123
-939 -61 -939 -77
-938 -65 -938 -65
-928 -158 -928 -158
-927 -105 -929 -105
-927 -169 -928 -169
-935 -89 -933 -89
-937 -147 -937 -147
-927 -96 -927 -96
-935 -127 -933 -127
-938 -73 -938 -73
-933 -115 -931 -115
-938 -123 -938 -123
-936 -119 -936 -126
-934 -85 -931 -85
-936 -66 -936 -92
-929 -133 -930 -133
-933 -180 -936 -180
-926 -61 -928 -61
-936 -155 -937 -155
-929 -102 -929 -102
-934 -111 -936 -111
-926 -184 -926 -180
-931 -110 -939 -110
-934 -134 -937 -134
-933 -111 -933 -111
-926 -134 -927 -134
-937 -81 -938 -81
-933 -164 -927 -164
-928 -165 -931 -165
-933 -86 -933 -86
-927 -153 -930 -153
-926 -138 -927 -138
-933 -131 -930 -131
-931 -103 -931 -96
-930 -104 -930 -104
-939 -124 -939 -116
-936 -97 -936 -97
-930 -71 -929 -71
-937 -166 -939 -166
-926 -66 -926 -66
-932 -63 -931 -63
-939 -134 -938 -134
-935 -153 -936 -153
-926 -117 -928 -117
-932 -95 -928 -95
-926 -167 -927 -167
-929 -171 -928 -171
-930 -141 -929 -141
-939 -85 -938 -85
-938 -127 -938 -162
-937 -147 -936 -147
-928 -62 -927 -62
-936 -157 -934 -157
-937 -76 -936 -76
-928 -163 -929 -163
-939 -75 -939 -75
-927 -72 -927 -72
-929 -102 -929 -102
-937 -92 -938 -92
-930 -68 -928 -68
-930 -124 -932 -124
-939 -95 -939 -95
-936 -78 -934 -78
-931 -173 -931 -173
-930 -81 -927 -81
-927 -168 -927 -168
-936 -63 -934 -63
-928 -170 -927 -170
-931 -65 -928 -65
-933 -133 -934 -133
-937 -76 -937 -62
-926 -73 -927 -73
-932 -74 -935 -74
-932 -121 -938 -121
-931 -62 -932 -62
-926 -166 -929 -166
-935 -73 -936 -73
-927 -157 -928 -157
-934 -90 -936 -90
-930 -111 -930 -122
-930 -63 -927 -63
-937 -125 -936 -125
-926 -87 -927 -87
-928 -71 -928 -71
-933 -176 -933 -146
-931 -91 -935 -91
-939 -126 -939 -135
-931 -81 -931 -81
-938 -94 -939 -94
-935 -178 -934 -178
-932 -157 -929 -157
-929 -110 -929 -110
-931 -167 -931 -169
-929 -119 -929 -100
-932 -182 -932 -182
-936 -166 -936 -178
-934 -142 -934 -142
-934 -86 -934 -86
-938 -75 -936 -75
-929 -110 -930 -110
-930 -89 -928 -89
-934 -114 -934 -114
-935 -76 -935 -76
-927 -128 -927 -128
-929 -70 -937 -70
-927 -111 -931 -111
-928 -149 -928 -149
-939 -77 -938 -77
-938 -128 -935 -128
-931 -178 -930 -178
-937 -65 -937 -65
-930 -123 -928 -123
-932 -89 -931 -89
-930 -94 -932 -94
-933 -174 -933 -174
-938 -104 -938 -104
-930 -184 -931 -184
-930 -172 -930 -172
-935 -97 -934 -97
-929 -155 -929 -155
-928 -154 -926 -154
