74
3219 6597
1400 1325
9836 2706
8477 1135
987 7255
2156 6346
3677 8060
9518 7501
2040 8129
9367 7856
6607 7485
2503 2752
4706 1369
8720 8026
9901 1758
724 9002
2303 1289
1928 8967
840 1724
522 3152
2598 9941
3496 1836
1968 9528
7516 1897
2587 7678
9751 8158
738 781
752 5449
1469 7442
7949 2664
9263 3289
4788 6698
6982 2193
720 4852
1159 8725
3853 545
710 2178
2281 1725
3648 9698
5521 5130
7607 723
1021 9076
9778 6238
6834 3739
3145 1798
7960 5478
4367 2211
2878 4003
5466 4971
4117 4387
2336 3767
2165 3901
2838 4276
9631 3811
53 6106
6174 7151
4840 6620
4234 3648
8325 6954
2995 5735
6640 5634
4339 7898
1409 2347
8207 9486
3480 4452
7895 5733
332 3122
6729 5566
8030 8882
5187 6402
2405 903
4050 4759
230 8868
419 2403
