100
0
1
2
11
1692
780527
7
788331
765927
514969
999995
829868
1000000
506168
999997
849109
991334
248284
3
328275
919432
82261
808857
999999
670806
200
14739
961614
917386
999996
4
166
34
9
999992
423894
949093
751394
143589
262540
124
20
999998
532418
274058
436970
445043
945536
25
174825
859296
963096
399990
571826
849419
201373
228990
211483
444490
661467
15878
852225
245595
248840
125
97534
1250
138191
999991
533312
786513
549173
312532
536575
577131
615957
815624
301749
10
125000
786582
12500
155997
729575
535867
459839
999993
597942
115739
520551
299910
177256
40
679853
6
684091
999994
634007
5
8
