100
2 3 2
1 1 1
2 1 2
3 2 3
3 4 3
3 30 3
31 8 31
21 2 21
18 1 18
93 8 93
30 12 30
88 1 88
35 11 35
4 1 4
35 10 35
16 5 16
95 1 95
1 23 1
1 4 1
75 1 75
20 8 20
2 34 2
7 12 7
53 7 53
93 6 93
14 5 14
20 1 20
2 16 2
30 1 30
2 2 2
4 2 4
6 1 6
100 1 100
100 3 100
10 18 10
3 1 3
42 3 42
24 2 24
20 5 20
81 6 81
42 9 42
2 19 2
1 15 1
46 9 46
80 8 80
30 6 30
1 7 1
1 70 1
4 4 4
51 5 51
60 1 60
100 2 100
14 8 14
42 10 42
10 5 10
7 15 7
65 3 65
72 7 72
1 100 1
1 59 1
70 8 70
86 7 86
4 29 4
18 9 18
1 26 1
2 56 2
100 4 100
7 18 7
2 4 2
1 3 1
3 3 3
4 22 4
2 59 2
60 2 60
100 9 100
43 5 43
43 4 43
14 4 14
5 8 5
100 7 100
69 1 69
4 3 4
86 3 86
19 9 19
14 7 14
38 6 38
25 4 25
3 37 3
27 11 27
54 6 54
96 6 96
18 14 18
1 10 1
1 83 1
89 8 89
1 2 1
4 12 4
49 4 49
1 39 1
13 3 13
