10000
129
710
926
8
854
41
33
959
340
843
471
152
4
717
326
294
590
890
74
284
783
551
523
360
665
405
892
221
261
852
260
290
76
343
97
911
282
493
930
40
36
549
431
404
601
944
192
119
350
959
670
922
917
229
177
208
992
496
381
634
606
568
4
679
801
866
183
523
359
328
780
623
252
256
104
565
310
864
920
965
551
528
443
394
80
873
149
693
13
521
328
877
901
633
211
373
748
643
375
387
660
955
683
373
50
572
848
971
26
632
283
191
273
247
521
428
85
380
677
69
622
773
30
274
679
886
790
514
634
811
140
218
440
759
215
929
165
78
302
134
918
775
324
129
670
541
708
729
22
420
275
559
595
322
860
922
948
943
722
24
652
282
420
109
426
299
426
306
409
529
171
737
634
595
962
685
175
211
484
177
655
442
331
168
383
409
67
696
793
396
465
198
869
143
229
527
218
708
842
91
70
657
44
643
96
771
592
744
292
430
800
626
625
466
507
469
507
56
570
843
170
808
550
705
230
456
660
514
95
496
463
647
507
770
977
887
497
156
284
562
600
347
487
106
646
490
142
816
167
454
569
587
713
722
982
392
550
60
679
887
208
947
566
515
959
746
710
879
510
577
579
372
356
689
448
220
509
683
250
334
438
771
136
126
732
851
647
277
724
965
926
39
584
521
300
609
137
242
249
207
80
837
700
981
689
355
463
150
76
195
716
724
69
953
818
32
9
487
498
357
119
161
121
534
727
51
290
416
426
489
880
429
628
515
141
974
206
221
183
447
688
545
306
265
83
117
639
454
402
295
369
201
176
408
449
517
813
947
439
2
889
93
564
882
650
563
669
506
185
334
538
444
560
33
58
805
978
956
694
915
246
516
965
355
816
644
781
703
94
592
122
4
662
635
934
477
117
509
130
911
982
321
932
644
381
526
84
572
331
741
957
716
347
963
71
738
430
582
58
386
97
946
387
236
756
273
102
700
474
58
242
695
30
182
644
726
517
874
771
768
389
114
675
727
392
430
141
645
885
109
893
432
824
145
363
688
459
735
651
12
244
684
801
344
630
689
626
146
606
899
384
567
277
93
172
197
135
680
906
148
725
885
380
282
554
295
448
724
931
129
44
846
621
242
677
911
164
196
908
731
763
596
61
124
992
671
642
949
813
854
576
889
568
751
85
754
837
481
319
682
210
935
412
616
876
960
412
433
289
24
396
888
978
338
614
961
212
419
960
782
932
467
32
492
906
118
247
640
901
763
326
276
606
410
967
106
756
841
826
514
133
275
65
795
317
669
531
983
882
279
75
70
478
411
29
949
108
972
585
308
48
776
896
395
107
984
994
477
282
664
414
340
302
823
769
208
318
514
377
266
428
969
406
759
307
350
1
632
15
876
689
98
854
128
327
103
173
664
54
665
948
580
545
67
476
319
239
654
994
968
988
859
348
185
52
973
554
925
452
685
745
170
626
727
374
402
797
838
940
632
580
581
327
318
464
625
611
386
876
440
238
504
280
390
417
593
385
212
626
751
966
28
92
761
935
89
933
360
755
16
423
242
482
311
463
180
889
127
337
424
363
444
13
167
237
261
284
38
852
548
207
819
801
157
723
940
835
249
334
133
728
622
905
625
346
514
79
644
416
51
558
10
648
321
758
978
924
646
472
936
778
228
456
294
287
341
981
369
215
450
653
632
315
424
949
888
833
428
768
565
112
57
58
691
564
700
989
137
480
499
582
85
160
877
805
117
430
826
483
484
442
309
244
143
393
758
392
113
76
62
405
968
324
177
887
793
813
586
295
613
917
145
685
49
666
92
963
402
914
33
124
698
359
417
931
121
311
940
744
354
85
602
932
458
269
219
379
817
774
759
342
353
923
85
932
175
849
648
116
41
95
755
869
200
878
942
620
803
496
658
193
444
945
210
772
13
43
963
139
236
302
972
666
679
861
196
548
979
728
691
917
299
404
963
762
749
794
827
886
198
448
776
1
787
818
221
221
983
614
372
246
301
923
158
686
88
971
330
630
158
602
746
903
815
749
603
721
485
372
588
581
889
742
333
301
966
137
345
847
300
427
773
55
236
642
816
489
651
165
512
354
976
243
112
284
607
911
394
739
719
553
915
634
636
831
742
908
137
212
867
301
265
403
877
597
640
939
430
241
217
30
545
366
80
899
858
540
464
747
632
683
739
354
678
644
773
837
592
508
228
428
452
699
155
333
766
179
689
567
253
581
4
628
803
393
487
891
837
631
551
989
187
496
6
665
717
292
211
364
447
861
749
447
930
840
824
688
97
978
334
953
713
623
410
500
241
832
791
619
271
789
210
844
103
396
359
253
451
926
231
286
247
206
979
2
317
593
301
813
303
451
99
803
816
757
408
659
781
959
361
553
556
525
754
395
800
276
209
959
270
976
693
952
105
652
574
102
995
906
986
527
392
729
82
94
742
449
544
591
927
322
340
242
666
619
475
996
475
103
744
499
141
144
633
191
709
587
167
34
526
398
260
525
346
16
159
281
46
637
939
61
956
544
47
307
952
333
439
881
896
120
126
265
607
607
59
501
524
871
561
356
447
966
674
973
522
393
979
891
854
936
91
505
718
526
774
846
735
397
86
556
11
845
293
122
186
216
154
59
389
443
738
506
866
980
757
520
454
814
170
531
874
37
670
238
40
241
791
33
513
422
230
403
937
870
356
12
767
498
278
314
317
513
57
192
72
887
810
283
848
911
928
875
385
703
125
647
322
137
942
513
560
691
264
80
971
66
403
751
620
657
766
593
498
966
46
397
123
806
115
655
588
190
231
681
839
574
475
596
741
539
445
810
724
161
151
515
782
571
297
830
984
569
128
895
495
967
810
386
855
735
920
708
732
427
225
576
869
365
917
622
850
647
693
322
30
466
233
120
817
6
274
816
80
986
247
498
47
551
633
888
82
544
57
784
912
282
638
863
477
865
226
339
773
733
655
121
472
915
224
173
494
263
147
350
97
136
180
352
267
29
170
118
785
979
126
504
735
283
568
322
644
939
744
435
213
548
75
752
826
291
415
234
809
908
703
547
801
521
365
481
845
986
652
758
527
461
706
162
784
235
692
207
723
128
197
273
446
915
270
441
441
253
274
930
332
986
905
200
337
117
608
786
446
287
85
570
245
486
950
327
417
19
257
644
445
445
877
689
124
533
136
883
40
533
437
973
607
16
491
374
21
377
895
244
706
267
450
387
48
224
188
43
566
990
689
240
114
380
261
600
870
777
539
253
918
540
322
743
357
787
571
10
744
628
186
104
241
537
502
120
622
122
319
29
939
978
989
271
209
897
591
591
690
895
524
795
353
160
119
696
75
370
634
526
973
73
812
692
239
383
375
554
229
500
623
881
20
890
930
93
584
38
292
527
358
211
910
835
790
146
194
165
630
505
541
211
153
986
85
210
665
568
772
148
303
554
953
868
64
305
64
533
869
115
758
146
626
723
689
569
53
935
886
954
671
612
131
432
97
923
488
132
257
128
775
638
455
756
736
134
904
878
313
96
470
119
364
858
819
108
431
867
741
436
712
350
214
184
814
830
997
110
482
208
727
973
841
634
72
651
577
896
949
739
378
759
564
314
54
355
840
113
879
880
227
231
561
306
56
785
381
723
824
449
898
665
767
493
1
221
713
260
852
252
981
295
535
378
907
40
549
198
765
162
152
431
58
977
100
654
168
64
590
900
917
116
748
604
440
347
859
357
315
80
315
570
558
423
832
680
829
311
547
26
446
754
741
214
559
811
168
302
293
134
981
428
194
764
14
798
185
671
199
880
389
79
92
494
812
83
695
71
834
19
521
950
707
65
518
204
627
939
980
231
752
788
66
649
346
920
656
101
813
678
574
99
420
905
688
543
851
900
722
625
1
125
317
762
152
141
925
247
336
444
530
499
641
895
331
977
640
189
210
237
517
255
917
397
868
80
181
312
358
583
291
501
783
73
555
721
555
907
582
466
933
87
379
436
830
599
240
306
120
843
982
806
858
162
535
636
171
597
423
470
789
311
949
324
613
572
833
768
70
164
280
858
43
498
270
251
762
516
429
800
600
237
458
883
776
435
307
750
937
529
441
161
978
739
23
200
893
817
522
116
21
383
589
896
863
387
317
424
661
539
311
502
475
998
498
422
586
188
489
949
754
222
640
6
333
399
211
905
203
870
171
450
909
115
52
529
767
138
212
314
518
36
273
327
910
229
734
244
175
806
913
120
382
495
797
297
835
694
787
897
99
72
497
737
414
384
789
577
703
808
420
749
305
450
478
66
247
505
377
453
208
750
784
620
756
446
864
805
244
107
4
101
907
836
602
12
585
688
891
138
994
532
779
41
967
898
662
586
604
479
410
824
922
758
885
685
989
644
371
174
290
589
285
322
735
253
154
390
647
602
429
186
338
118
908
168
825
574
938
428
672
279
993
206
534
840
172
626
763
738
819
523
882
175
29
239
461
686
600
858
5
175
846
166
409
647
995
187
772
944
394
408
320
307
460
926
630
883
574
28
542
246
88
246
104
567
212
404
140
576
964
280
231
129
560
201
56
282
807
631
281
553
492
217
587
638
719
184
775
250
997
747
961
563
628
813
810
746
383
249
200
39
841
394
280
665
964
491
898
851
884
707
594
18
668
22
892
29
56
855
109
376
325
923
630
364
70
968
236
768
667
474
248
262
403
212
76
258
229
706
939
468
541
697
933
630
536
263
626
301
129
692
942
572
211
565
534
191
615
132
387
363
165
61
261
110
196
23
921
56
895
594
149
112
68
757
693
158
882
657
357
360
173
319
169
26
488
755
236
266
441
397
248
536
950
661
395
325
942
789
493
281
84
378
276
44
332
319
445
846
469
796
27
982
196
635
848
598
960
57
270
487
301
532
175
368
274
405
579
718
339
750
242
634
87
355
445
994
172
689
531
411
434
546
152
21
983
19
622
826
212
902
947
422
924
384
701
613
160
296
718
383
257
418
393
889
972
697
753
575
203
251
474
45
890
846
624
202
494
918
702
721
195
204
954
319
612
270
534
103
807
810
291
880
942
381
949
495
986
53
273
69
817
860
168
215
724
515
311
926
861
860
80
769
243
344
351
297
44
185
557
541
991
705
352
452
419
901
287
776
346
943
55
232
978
49
683
466
198
642
854
474
396
445
516
932
62
385
173
553
71
199
27
909
664
807
131
613
882
719
957
331
44
966
719
99
829
823
265
815
149
395
471
995
380
349
551
647
332
60
432
758
323
56
375
862
148
22
833
752
303
646
886
833
250
796
867
778
482
667
533
954
390
215
153
518
275
520
299
25
709
979
311
659
1
974
12
330
942
525
37
134
829
571
175
633
707
178
470
853
829
136
883
253
108
17
667
943
913
388
648
651
426
229
974
874
284
450
918
319
324
572
698
498
983
256
900
153
934
335
677
383
737
860
685
352
65
592
357
850
106
450
64
190
88
168
756
901
525
52
52
707
741
93
744
59
459
939
515
94
425
765
611
700
444
349
684
170
998
408
537
689
634
483
183
575
275
32
567
710
652
822
945
653
419
490
681
108
530
534
842
28
447
240
170
413
566
583
600
100
821
6
900
188
859
937
819
820
344
130
293
549
967
283
706
184
957
242
788
408
444
429
886
205
646
208
827
407
294
20
727
608
220
200
115
149
716
539
963
211
625
49
994
336
749
428
218
406
933
102
720
398
820
688
422
748
238
591
831
436
993
190
138
640
58
684
421
49
512
288
779
908
626
445
107
867
850
127
338
301
493
300
306
196
657
47
202
659
817
387
206
738
204
501
674
11
971
422
837
240
932
61
804
749
627
857
242
815
300
722
99
123
163
738
150
987
725
719
550
609
154
268
548
619
842
835
560
615
772
656
155
949
635
806
752
646
883
94
985
326
298
434
107
601
642
997
33
639
772
395
171
748
389
780
233
463
596
550
387
219
50
903
939
479
856
152
314
984
628
239
697
18
626
357
945
542
407
330
906
692
519
835
339
101
843
548
606
729
335
875
927
468
364
953
136
606
204
397
751
226
265
854
313
989
435
861
174
226
107
265
303
159
663
679
106
365
609
69
393
749
297
519
526
676
453
474
659
184
262
917
503
907
776
373
345
11
652
391
921
208
564
405
526
328
875
40
897
516
355
714
91
932
896
662
301
639
631
604
402
539
990
165
985
40
718
706
477
327
982
663
299
718
182
431
256
368
803
504
516
801
325
132
972
961
926
164
550
823
782
163
631
672
323
463
984
509
821
40
770
60
304
276
987
862
334
895
745
515
67
337
737
946
737
245
88
797
949
353
542
772
971
40
188
462
168
813
466
279
591
831
62
205
666
95
445
420
768
26
24
885
265
675
712
949
786
449
258
71
310
439
523
903
234
601
890
261
12
292
568
784
710
617
762
833
899
666
704
48
812
528
99
868
768
931
570
86
239
818
683
689
918
102
112
309
384
888
331
894
112
449
5
737
633
807
655
491
408
210
772
674
765
579
346
729
323
995
9
902
441
501
735
440
70
699
904
758
407
617
675
466
901
510
65
324
992
86
104
798
168
619
32
306
300
34
722
407
252
828
905
823
109
517
164
978
27
662
671
692
267
979
65
353
193
776
12
6
993
814
442
52
931
64
41
622
468
421
955
715
51
670
912
750
736
566
690
40
630
699
955
230
500
442
619
407
567
222
485
719
816
426
781
621
428
787
531
579
894
943
753
545
192
34
456
854
594
19
414
830
96
591
879
363
220
743
229
754
785
298
899
77
18
232
408
554
960
111
412
206
578
280
191
261
121
905
937
587
124
923
608
35
14
394
138
161
111
504
759
598
382
731
42
165
729
617
982
571
606
426
964
210
894
385
326
303
860
949
931
71
943
404
721
212
350
840
400
965
39
611
56
216
264
322
476
344
657
241
540
666
618
6
447
169
392
486
587
983
207
104
391
504
49
255
576
594
645
137
910
993
439
232
731
359
318
344
143
250
681
838
92
513
625
990
891
939
797
888
976
295
132
382
44
362
7
551
171
91
15
366
691
139
324
610
781
854
801
350
155
796
659
220
822
455
229
602
707
452
609
570
678
901
982
671
588
593
161
239
479
85
148
684
137
769
882
659
173
205
749
963
2
369
420
70
295
714
808
735
275
311
703
185
243
141
880
535
303
423
431
541
49
34
909
324
216
127
474
171
45
788
970
88
346
829
572
549
243
587
914
357
752
198
528
61
603
30
322
812
837
748
509
556
204
472
543
990
874
131
38
412
117
56
450
96
828
913
894
491
778
44
78
314
673
67
909
2
859
457
378
216
420
144
265
55
240
408
63
266
834
373
487
923
80
933
146
639
661
234
144
208
786
730
400
724
545
748
847
288
95
388
897
132
51
260
940
84
634
925
57
409
589
920
107
121
600
626
991
844
234
476
851
882
928
567
359
782
848
747
515
270
563
261
300
26
106
419
557
368
833
781
94
349
8
916
760
297
122
609
499
512
709
801
724
975
639
950
408
757
244
446
64
180
492
791
582
634
937
20
506
305
459
611
711
695
537
780
485
417
860
34
751
515
29
447
242
622
929
153
774
994
363
98
18
320
88
168
717
571
872
938
755
964
112
122
427
528
197
602
293
122
9
929
605
407
904
126
61
633
586
518
661
912
812
832
677
470
929
656
851
923
610
123
52
896
563
895
930
805
382
552
772
329
332
996
499
13
824
222
612
491
970
267
447
805
375
657
716
281
171
996
705
256
429
596
909
122
361
593
487
756
263
272
85
827
973
13
438
631
854
997
502
958
615
896
285
842
10
251
986
484
343
204
577
6
779
658
826
539
231
548
537
92
783
878
967
885
251
232
10
40
632
190
310
868
434
377
302
270
48
169
510
682
149
165
137
86
687
83
68
520
270
767
696
590
665
366
333
443
855
578
770
488
971
10
995
132
910
355
601
5
997
43
88
154
867
247
432
485
556
919
478
113
751
134
155
310
3
602
867
717
654
855
655
104
62
943
487
335
507
151
660
43
541
976
96
453
355
689
85
865
759
293
677
439
322
806
279
782
67
529
435
998
888
340
775
684
867
754
890
334
260
959
933
452
537
351
683
208
42
6
292
565
650
599
57
97
408
620
408
614
303
564
672
854
576
585
212
306
126
677
489
468
178
55
48
178
216
21
573
124
728
186
424
998
755
116
986
359
205
482
58
289
728
2
191
723
309
817
26
522
351
224
737
744
647
180
605
439
987
916
68
778
199
96
628
852
974
988
410
971
887
975
919
761
141
407
779
125
653
140
51
955
234
181
865
849
229
555
985
729
234
843
41
624
404
473
426
690
186
445
46
558
603
759
856
863
710
625
799
648
752
527
496
507
236
10
81
942
460
280
741
21
712
83
141
991
876
934
515
151
638
981
587
815
275
766
711
303
980
574
387
361
523
634
946
953
596
647
565
58
249
322
200
154
755
988
994
483
917
968
566
545
960
772
902
717
402
605
699
62
273
445
657
802
456
187
759
145
731
704
473
107
283
728
863
451
271
191
802
779
409
939
425
463
354
868
635
110
59
958
9
596
682
506
96
191
220
786
471
206
626
669
335
474
222
819
12
706
941
197
537
631
205
888
316
968
193
192
204
116
690
787
608
837
279
500
564
415
654
312
190
938
48
900
659
618
302
392
96
587
225
384
349
870
534
927
234
398
230
541
403
732
522
722
834
194
306
446
301
843
380
314
400
818
532
637
125
875
735
517
145
39
352
210
963
598
601
450
350
964
793
393
600
234
352
472
406
946
987
834
917
716
185
621
160
194
996
590
389
457
305
939
961
881
933
205
679
794
187
717
413
956
780
294
739
964
352
23
413
852
514
435
602
150
238
334
105
293
527
945
483
644
573
81
124
209
550
172
773
314
844
870
742
738
670
469
938
350
72
229
919
143
459
290
717
536
83
631
843
615
590
165
612
600
476
237
384
190
959
193
693
883
104
524
37
945
314
17
693
885
434
427
965
725
967
916
799
739
832
563
161
737
821
985
757
359
523
977
471
69
495
224
665
506
868
368
565
293
138
712
669
145
538
223
169
182
757
108
160
302
782
59
14
308
38
419
476
631
801
151
887
166
464
493
289
862
818
166
777
169
344
803
311
774
456
901
518
568
125
132
888
641
798
719
339
54
826
350
97
600
171
875
710
674
948
906
538
907
210
158
693
635
905
416
638
698
36
222
179
816
741
131
247
847
921
222
444
975
151
142
328
327
267
548
794
464
407
646
962
66
471
659
110
631
377
546
444
711
701
416
492
933
50
324
670
885
370
720
414
948
751
429
50
945
501
42
366
680
272
566
289
245
406
659
998
968
884
270
696
888
451
194
573
3
72
402
373
399
735
38
909
923
940
127
917
667
859
898
429
341
749
995
215
820
793
23
906
737
728
736
938
176
458
337
912
180
202
534
142
902
785
680
561
127
208
618
764
976
102
142
960
142
624
141
417
249
590
688
755
299
386
968
289
797
469
104
574
96
211
962
539
188
261
823
581
856
817
765
394
234
763
267
913
50
253
881
344
858
924
72
241
692
507
866
43
848
409
29
1
58
43
206
302
920
479
120
551
291
808
307
588
73
956
45
217
911
368
175
821
451
899
862
836
629
121
402
268
903
576
920
807
249
817
656
742
242
533
496
33
79
393
52
904
204
566
122
773
646
278
847
247
506
597
25
188
300
625
628
407
408
644
63
782
725
632
580
749
570
488
954
159
347
562
287
72
213
253
617
260
846
464
209
199
978
272
198
116
166
998
465
280
686
259
212
693
217
355
722
383
594
787
372
439
895
877
376
597
759
653
728
930
383
585
836
25
496
151
698
19
166
991
714
79
534
447
203
480
134
632
100
482
81
448
302
956
600
81
354
162
377
377
126
212
601
273
986
449
362
440
914
667
112
532
648
173
625
403
344
457
556
483
205
258
471
861
170
173
11
283
531
222
478
610
556
108
317
136
789
573
156
719
310
208
493
519
416
106
906
504
218
517
442
303
606
498
881
395
479
320
154
175
696
408
546
713
439
197
628
956
50
71
332
142
426
364
274
231
443
197
200
494
883
523
21
63
746
965
904
789
406
607
929
619
310
326
341
23
471
231
502
890
649
192
17
239
277
629
689
118
427
338
205
100
674
716
401
707
742
597
5
963
3
20
513
855
109
158
897
249
423
937
584
74
141
162
616
713
752
279
854
7
943
598
493
219
999
712
763
156
588
304
123
808
797
117
757
896
503
458
927
278
141
21
393
811
157
379
408
844
217
756
956
699
239
821
110
523
141
502
567
503
550
775
476
191
631
384
533
582
759
413
370
745
758
124
187
801
220
146
289
109
485
60
370
440
827
379
62
258
850
142
21
772
673
156
953
862
873
397
129
504
168
417
761
432
203
844
858
256
633
60
75
546
661
901
173
544
408
499
58
382
897
95
953
273
833
927
314
161
926
470
221
109
362
271
262
673
582
301
58
574
345
251
207
914
657
893
33
426
532
942
909
25
959
109
521
342
870
34
262
516
651
954
523
305
202
188
258
213
699
111
192
687
853
300
263
880
818
327
252
834
943
455
390
167
127
938
319
350
370
190
966
429
280
476
527
481
514
253
310
872
731
369
645
201
833
260
600
985
268
362
306
993
560
859
248
869
863
418
716
139
295
986
569
678
424
135
893
298
109
423
154
150
433
247
375
794
936
859
946
441
102
438
245
602
676
455
406
862
212
255
60
826
782
490
186
313
266
307
662
891
165
934
501
13
732
585
312
424
786
304
407
139
791
468
498
834
560
412
563
957
586
827
69
206
943
243
509
663
964
42
250
474
238
499
836
110
729
706
765
719
783
868
262
841
184
640
665
539
456
579
991
435
577
994
438
143
669
260
407
330
656
467
641
932
260
700
222
359
106
204
218
785
701
710
163
191
700
618
722
840
982
79
541
857
950
89
238
583
18
633
520
590
48
581
2
227
139
598
691
959
711
147
127
203
690
57
342
700
937
937
621
338
131
708
234
254
246
316
913
342
228
728
67
597
224
660
71
994
352
127
855
580
576
79
525
827
675
611
803
561
468
614
889
704
73
340
68
934
779
158
685
514
712
586
837
376
445
856
562
548
956
298
702
368
301
220
619
388
556
752
726
36
838
136
26
290
549
521
616
284
442
971
548
866
858
525
200
631
144
793
164
473
585
995
591
143
466
265
393
93
208
136
664
265
369
863
509
319
881
275
429
559
298
390
272
442
29
933
697
338
331
573
541
830
443
579
857
201
23
582
803
618
480
686
748
862
956
238
589
90
959
897
228
893
188
119
2
957
759
679
245
750
389
170
931
757
709
485
413
713
500
217
383
722
197
12
882
719
276
969
493
575
854
962
511
295
128
938
258
7
163
903
135
194
278
35
550
65
943
22
142
926
600
688
41
434
360
988
146
399
569
649
423
426
11
117
951
49
907
708
337
857
727
821
435
271
333
94
984
639
275
574
907
760
202
389
257
659
143
970
593
143
461
339
953
166
844
284
599
312
493
559
307
652
515
725
986
459
461
947
998
843
409
804
542
810
356
790
290
978
95
588
653
64
748
775
237
593
949
61
875
119
425
98
213
609
762
981
407
310
748
671
333
114
428
246
60
949
93
237
574
47
341
542
132
552
600
973
200
982
296
718
779
176
18
806
76
820
683
429
688
52
253
415
499
760
987
107
844
322
415
746
316
993
981
614
607
472
166
820
143
284
426
406
284
69
363
840
691
854
463
987
996
785
209
6
588
970
718
676
456
548
499
15
297
225
92
656
435
364
765
879
543
719
459
945
138
254
724
434
428
154
266
46
875
289
27
143
462
407
626
510
433
327
100
809
77
620
920
797
544
43
497
388
51
189
688
833
664
266
544
293
233
635
227
871
841
414
289
602
761
204
294
47
83
226
143
177
787
936
493
842
839
796
829
262
694
267
381
444
761
113
637
598
425
93
61
803
984
887
356
235
698
973
475
992
95
692
932
235
734
203
808
467
799
991
613
485
673
800
583
824
302
679
194
207
100
994
254
261
175
913
362
366
264
4
702
136
127
646
746
978
203
725
843
229
479
66
868
324
165
716
313
96
934
921
579
652
926
282
667
732
652
167
214
796
219
455
681
135
815
86
639
876
49
83
746
154
908
336
991
515
119
612
961
456
682
674
534
939
751
573
140
186
234
599
599
801
305
963
93
126
972
80
635
274
107
531
441
346
890
389
952
871
865
362
500
977
544
246
374
751
593
762
683
863
513
241
176
731
36
242
194
116
582
375
340
389
183
2
630
385
208
93
502
82
901
115
870
209
292
20
988
45
449
415
285
278
256
791
976
812
98
275
814
193
6
391
332
917
60
498
585
923
611
784
957
308
306
495
993
172
76
453
45
52
887
575
707
624
4
228
413
744
557
526
361
316
579
426
562
229
696
901
758
692
433
81
219
191
529
202
160
763
18
481
181
78
653
761
887
565
874
804
467
905
52
731
215
120
213
848
559
566
822
767
374
493
376
669
756
241
199
608
240
157
215
911
614
105
468
964
537
844
760
47
698
142
196
302
732
714
394
906
27
249
349
525
31
405
521
515
216
447
316
164
876
598
942
627
535
591
625
54
545
77
127
957
643
183
378
324
643
84
980
120
641
472
157
681
305
182
921
459
821
272
55
792
89
212
449
187
907
69
997
571
573
955
219
13
808
427
563
959
854
91
610
484
857
104
303
15
345
253
207
15
568
854
768
693
69
594
755
24
473
942
628
335
457
444
449
566
79
750
289
45
247
267
294
671
302
290
821
782
477
520
981
972
427
8
784
541
187
218
662
446
747
96
936
837
811
586
213
44
713
105
269
492
676
624
617
226
578
250
920
912
600
564
826
796
146
218
202
284
386
430
341
638
820
884
919
48
222
496
877
349
347
714
393
687
575
447
939
969
63
276
580
812
389
239
95
626
47
51
699
146
385
54
141
259
158
541
946
207
452
366
982
457
388
879
525
291
347
296
997
599
112
540
160
361
294
870
116
676
425
344
924
427
77
786
785
639
798
773
362
234
38
262
246
222
222
577
502
442
974
805
503
883
450
684
792
514
939
265
995
837
553
9
908
700
930
599
772
989
160
760
487
120
492
924
161
970
207
657
342
549
615
684
140
670
182
429
784
901
925
501
12
873
278
34
450
14
788
341
574
193
831
361
616
335
502
372
392
703
76
444
229
101
597
519
969
479
785
169
818
428
825
132
619
623
820
284
525
893
271
934
41
207
380
907
421
420
332
693
584
100
740
540
730
259
28
170
628
306
712
773
953
876
792
185
249
203
378
96
86
338
970
775
993
665
743
805
543
593
616
56
951
910
684
421
582
658
788
571
925
823
992
985
620
100
748
566
304
201
922
682
659
820
256
938
832
78
40
337
8
149
768
699
489
762
165
435
701
810
135
931
49
776
227
826
827
827
793
253
164
682
399
531
545
891
71
569
530
825
957
859
5
53
176
941
761
758
419
810
174
904
98
938
157
984
394
588
558
268
404
299
784
588
931
807
621
772
533
491
235
368
962
205
307
148
201
174
710
276
653
47
466
399
683
151
588
545
847
842
769
898
28
433
492
131
215
947
937
565
138
602
469
240
496
79
860
353
180
62
854
966
254
719
15
33
673
802
251
828
715
232
993
675
90
260
994
601
720
65
522
242
752
273
531
847
972
863
383
860
626
946
485
158
978
679
835
15
23
205
232
682
100
876
339
630
392
856
171
763
498
348
776
453
420
553
296
675
783
816
171
139
627
844
869
451
362
650
516
834
863
941
192
425
79
371
887
666
708
178
474
858
166
859
474
320
560
762
610
681
94
670
95
728
445
446
649
325
314
236
820
51
702
674
966
652
105
184
98
166
187
252
934
199
122
537
369
845
566
102
98
899
643
629
199
449
316
718
442
930
917
510
887
103
817
936
766
38
606
660
601
981
754
583
756
975
338
395
388
501
806
241
756
837
149
777
903
194
255
702
638
95
33
623
631
499
668
539
577
725
187
619
405
246
909
950
120
53
560
321
230
436
624
927
759
280
499
270
404
929
845
315
806
320
893
403
541
29
283
167
360
535
424
954
294
363
727
406
778
970
511
677
973
874
139
385
256
683
361
540
670
99
853
746
888
183
309
546
280
951
71
179
450
166
471
636
624
15
59
879
462
543
687
503
667
516
643
511
968
582
174
95
248
220
613
463
401
737
463
32
488
605
10
212
159
786
254
309
129
354
326
175
876
261
160
510
941
135
207
278
994
984
154
115
655
485
839
607
236
110
914
508
577
1
856
773
371
243
678
291
514
13
531
970
898
287
176
88
195
378
272
732
808
775
291
457
989
164
18
793
260
501
799
103
339
624
944
850
549
256
619
577
465
496
449
20
185
862
557
498
604
372
856
597
59
910
751
854
720
197
812
713
116
589
626
814
733
438
177
902
327
222
733
636
437
383
228
952
164
702
898
680
120
515
956
469
167
26
674
113
892
402
458
734
20
927
678
319
104
78
36
265
715
612
45
415
464
730
794
72
241
195
575
247
72
881
738
822
733
628
976
914
326
474
569
696
963
141
414
969
561
57
977
745
302
373
160
928
553
668
48
356
594
405
330
86
956
419
148
803
530
500
747
615
217
978
332
716
715
533
670
189
394
560
633
432
846
123
853
275
288
201
861
659
580
74
488
161
654
952
301
235
106
103
52
849
134
159
310
185
617
281
54
678
469
249
608
483
484
160
80
222
823
209
286
510
726
614
344
508
814
180
94
14
383
168
532
121
623
334
837
768
984
635
550
613
22
659
84
533
126
454
167
415
296
49
947
312
937
316
770
44
65
277
592
313
260
304
402
613
405
296
231
9
510
926
517
244
268
205
816
493
458
652
818
771
210
548
843
144
895
944
812
353
605
692
641
180
12
593
254
583
972
312
575
521
662
552
690
498
596
970
937
347
940
274
910
88
449
615
351
759
52
738
893
301
13
550
60
337
284
996
251
563
398
924
533
596
81
394
578
974
971
119
952
356
609
116
698
630
672
629
618
587
836
15
210
625
238
848
641
780
702
545
135
357
126
752
940
403
583
401
66
149
131
486
142
255
475
849
8
147
111
645
171
532
456
760
533
737
409
462
553
985
263
348
421
51
976
288
213
380
963
402
12
372
588
783
962
852
924
219
243
56
371
393
907
172
487
41
609
327
426
139
340
697
141
390
200
996
144
499
135
644
586
897
649
469
433
996
445
35
117
46
781
450
638
678
105
759
287
397
761
757
366
305
720
540
483
728
936
431
399
829
469
188
794
467
988
142
330
188
995
760
190
628
176
899
869
781
412
824
583
642
285
66
478
457
388
10
413
495
670
658
288
995
754
476
305
961
812
964
116
695
597
67
852
134
954
849
995
259
653
969
681
67
650
965
992
570
410
479
30
701
619
661
729
989
501
849
10
107
83
388
7
728
802
62
391
211
420
818
525
537
229
676
460
234
308
645
708
894
32
395
5
429
771
694
219
281
198
526
975
506
333
938
990
175
544
130
265
578
851
401
542
127
712
894
574
785
77
966
601
153
870
82
988
636
494
493
826
611
307
395
246
237
71
817
831
994
128
334
912
33
899
467
902
603
655
456
653
434
554
70
623
343
920
536
3
956
526
662
997
999
665
24
835
452
580
298
867
825
236
207
144
446
395
759
639
225
381
263
702
172
911
366
103
742
550
30
446
899
185
683
152
737
86
55
138
177
122
732
613
179
323
358
144
364
138
299
559
721
192
495
500
460
97
145
737
97
103
910
292
846
358
913
885
992
554
401
120
316
730
346
557
440
221
673
272
606
708
979
48
497
759
5
601
42
429
568
7
432
297
600
489
58
113
786
367
409
233
57
122
642
812
838
564
473
135
114
667
270
59
170
859
34
336
322
534
928
408
674
160
846
627
398
759
466
90
206
741
903
461
885
463
413
554
586
871
812
647
312
437
125
716
914
528
284
344
449
7
13
303
576
225
713
560
275
401
279
703
955
131
669
351
231
634
152
115
240
694
71
913
579
270
617
384
732
962
281
785
266
894
257
761
263
603
284
341
480
289
980
345
891
230
373
588
108
703
262
627
725
421
933
864
101
26
69
740
620
842
728
234
926
853
702
806
596
69
680
587
333
270
131
180
747
906
359
235
9
710
420
2
842
15
963
405
136
739
74
39
445
28
407
840
59
514
262
232
117
375
102
494
234
768
361
748
727
209
444
331
98
675
779
522
466
216
795
219
620
422
505
306
751
550
771
728
566
280
927
811
234
449
823
229
454
981
979
365
915
354
721
287
19
188
966
48
550
337
543
160
763
259
308
744
159
19
153
198
227
531
762
92
38
790
392
335
741
883
970
122
666
740
758
289
485
216
684
812
516
668
191
260
250
12
303
934
362
414
557
324
497
620
706
194
292
677
435
131
717
22
392
84
214
135
399
301
90
500
308
426
466
72
2
725
240
16
385
228
530
495
463
156
104
479
973
415
633
158
49
709
281
719
978
89
64
285
958
660
299
159
92
73
577
188
511
736
569
582
726
351
308
393
426
919
450
12
254
826
176
862
807
142
3
76
536
556
798
510
832
79
652
484
161
710
498
30
332
850
547
596
773
409
814
818
277
415
16
696
713
874
707
190
561
670
932
963
152
75
674
105
87
843
568
143
719
75
356
786
150
597
159
719
844
878
443
50
521
16
954
589
590
181
491
317
234
712
191
830
979
409
823
738
665
817
337
976
243
74
349
222
127
882
64
187
738
14
264
748
538
272
894
519
799
343
463
994
423
62
975
700
257
100
653
858
386
237
924
3
484
392
755
875
498
988
596
408
325
440
622
745
584
509
740
489
330
733
40
951
205
689
360
771
889
664
444
683
140
716
772
412
871
889
324
660
176
372
168
771
550
963
935
647
788
625
669
680
648
96
308
286
526
135
690
616
62
391
953
408
296
240
196
972
105
598
281
864
148
62
463
236
634
960
899
838
158
298
936
47
491
954
30
77
813
920
390
583
33
146
215
405
98
772
588
827
962
730
128
753
874
66
242
736
274
783
83
875
371
574
469
518
876
405
444
173
963
138
956
796
933
169
532
217
861
250
414
93
497
268
439
765
93
164
139
187
440
760
930
691
184
81
872
399
292
319
464
803
551
855
961
154
575
876
289
164
781
186
415
59
834
771
65
913
412
513
264
270
577
396
761
794
826
817
424
168
702
545
278
169
626
918
253
928
839
659
542
941
523
666
207
994
578
973
331
188
522
842
403
647
208
566
969
66
804
358
480
680
948
102
348
244
512
144
354
568
86
881
23
821
832
353
880
341
204
185
639
553
783
261
814
156
327
924
25
164
298
851
65
566
743
588
212
581
207
525
461
897
146
882
939
647
524
885
803
916
67
488
464
945
232
48
634
804
407
699
671
521
163
425
485
228
877
974
885
707
386
31
445
912
929
980
371
838
693
874
616
512
589
744
356
680
379
859
73
979
192
494
129
147
328
177
719
648
416
208
453
124
798
6
257
589
820
66
677
591
706
308
835
893
877
986
742
846
12
726
613
843
703
85
891
21
400
582
621
778
897
411
281
107
67
368
918
473
477
2
88
876
6
348
52
5
706
424
521
308
591
856
617
730
237
625
327
701
58
291
119
350
337
79
405
905
491
11
125
89
231
429
111
437
111
132
132
563
129
840
669
702
254
429
520
150
564
644
682
123
657
927
417
266
824
85
341
750
47
601
850
135
93
964
928
395
814
771
17
458
273
996
638
246
212
800
231
589
930
445
675
591
429
891
592
607
725
674
473
440
379
785
742
884
145
199
795
45
182
954
721
159
139
825
951
126
352
103
334
910
656
503
900
590
279
759
200
29
277
70
468
950
815
981
123
385
345
695
646
257
358
343
939
306
605
435
411
906
634
440
690
347
339
273
29
975
186
80
869
158
396
266
662
35
354
181
988
260
128
395
86
474
760
175
435
917
25
113
293
126
497
695
234
311
249
783
201
182
806
376
902
999
671
238
468
419
468
555
812
908
401
216
197
721
481
62
850
386
422
315
945
99
850
323
975
187
931
635
40
815
70
950
279
335
367
129
775
403
707
845
543
702
347
245
735
189
688
192
902
77
701
77
597
314
681
955
1
935
8
608
837
859
981
77
853
916
424
863
545
665
296
771
802
191
27
549
135
848
225
127
780
733
240
807
946
835
452
798
668
95
773
455
564
872
222
405
352
676
656
336
818
455
531
426
886
297
771
769
900
447
608
204
153
270
88
491
370
701
897
632
14
373
600
902
464
586
547
159
581
116
753
421
705
800
990
279
770
319
390
122
215
503
631
536
758
782
974
486
718
127
231
614
746
857
532
255
856
308
186
539
418
516
81
162
396
103
719
173
699
930
367
394
734
711
562
809
215
335
502
729
516
699
937
475
53
607
492
589
137
920
45
721
817
731
477
382
152
936
245
926
796
179
859
553
391
942
544
886
213
971
746
327
765
983
580
320
790
859
75
358
972
82
303
254
207
592
856
877
512
255
363
333
859
488
901
139
193
42
793
206
720
107
659
763
341
318
794
630
496
225
153
990
709
25
17
263
490
902
410
421
690
184
150
561
960
56
1
268
220
429
204
778
775
934
669
300
592
616
691
662
979
689
870
888
166
155
116
647
847
640
802
759
773
824
754
954
847
656
941
430
30
499
542
793
696
422
677
569
147
368
458
647
125
13
49
31
37
58
6
880
131
961
371
812
923
654
200
632
142
37
181
491
654
823
253
610
75
310
861
380
505
37
756
790
694
730
184
171
292
289
766
815
270
795
933
877
382
721
585
887
742
520
55
890
600
346
53
169
975
915
674
518
241
661
723
674
119
755
846
435
974
183
153
675
468
46
578
227
459
656
286
789
21
206
767
844
450
187
135
579
940
332
242
941
206
56
968
853
113
570
483
726
5
844
796
659
803
193
269
907
743
658
348
779
624
767
207
344
858
841
765
730
186
624
566
584
327
608
779
60
258
238
14
724
576
759
401
344
431
292
447
741
699
303
499
878
876
850
129
353
360
779
689
684
602
236
126
157
202
883
519
799
815
394
834
679
958
383
548
77
779
371
824
324
864
942
536
279
573
482
567
412
760
647
724
478
556
184
72
742
308
620
422
952
120
249
417
821
496
948
93
784
351
35
195
426
450
505
532
749
389
856
830
39
941
663
960
124
91
859
630
799
397
532
401
776
782
189
707
354
609
65
364
365
924
464
419
197
746
89
39
634
69
351
303
521
259
824
369
409
519
630
106
364
692
708
441
901
87
173
925
653
791
713
170
496
555
12
839
356
916
971
79
850
637
510
241
725
347
699
591
97
634
237
674
43
895
12
205
933
393
139
967
872
811
850
388
424
571
408
869
3
996
405
152
293
990
459
579
892
510
34
943
124
501
598
588
423
381
482
30
254
936
196
804
340
314
811
773
576
376
957
997
6
301
216
830
31
302
896
526
437
132
348
221
601
63
605
573
261
801
133
725
219
27
31
482
759
219
901
559
952
248
139
591
612
618
206
365
905
619
493
565
550
468
136
291
818
933
925
233
93
881
953
979
160
250
903
921
807
120
805
49
525
741
807
287
47
411
748
878
936
662
301
454
996
851
469
295
835
7
800
245
627
821
308
353
780
864
51
118
337
486
580
622
646
485
593
402
702
416
997
570
718
232
341
626
717
89
991
451
292
846
248
160
348
97
534
482
165
206
83
344
178
863
457
334
41
381
700
525
952
649
679
915
219
199
411
191
426
859
325
54
997
895
59
806
714
258
346
279
567
285
784
344
730
869
644
716
806
611
706
121
943
996
494
62
182
110
884
531
816
524
463
867
343
69
800
685
560
731
434
131
420
784
318
339
774
799
725
574
220
826
968
528
197
22
320
34
525
389
712
306
552
312
576
538
88
558
414
575
696
418
260
698
927
867
618
425
261
622
457
388
930
556
215
762
410
562
406
530
743
932
14
846
474
930
210
382
970
430
19
128
305
291
63
317
272
166
596
573
121
183
972
711
563
5
749
913
55
332
381
526
903
714
289
164
196
363
884
793
502
425
105
268
346
4
258
800
610
392
338
630
255
999
379
576
716
251
453
545
176
519
645
269
250
381
611
340
311
863
494
837
971
760
939
202
353
680
634
434
271
130
304
315
740
667
160
287
767
648
180
498
197
985
374
683
602
454
229
134
382
566
909
659
41
326
765
204
437
323
155
779
962
638
329
225
33
855
971
623
464
424
959
87
714
71
519
369
354
532
566
378
351
677
775
676
346
289
199
825
281
404
158
674
165
254
824
431
158
509
648
43
931
484
395
900
99
986
408
998
471
88
418
781
133
877
113
180
101
690
632
497
743
77
958
627
933
387
977
479
918
447
594
673
870
606
68
604
298
822
542
122
300
468
760
128
618
524
116
139
692
246
632
518
460
565
444
28
101
120
148
388
95
962
796
521
355
243
531
737
233
341
597
763
357
896
541
275
272
851
355
396
881
148
941
266
438
372
81
135
672
615
869
856
38
26
10
67
234
525
315
913
801
978
624
23
138
69
84
757
536
162
975
668
408
62
77
594
64
272
305
687
629
907
656
654
875
880
767
465
335
456
124
25
74
251
50
72
109
757
85
981
624
641
697
549
982
528
728
628
95
913
133
695
127
905
591
427
111
647
178
546
255
113
37
234
698
745
876
561
515
211
220
432
128
544
816
307
891
364
566
572
66
825
152
46
696
596
537
496
223
120
522
415
369
251
109
380
894
723
78
413
775
552
536
867
411
603
201
84
399
61
630
501
686
6
325
101
445
37
329
457
863
368
59
254
429
297
569
181
260
526
208
829
482
576
455
322
616
26
898
298
343
983
538
568
441
531
393
297
252
564
177
180
661
335
620
916
158
158
622
422
567
563
393
82
804
159
978
502
57
692
127
640
532
775
481
201
987
352
668
144
775
188
67
612
819
640
815
732
456
210
647
171
761
924
133
720
86
445
77
392
225
161
483
881
558
751
227
102
561
495
242
430
844
592
760
375
513
978
824
708
399
907
800
966
366
573
903
369
445
658
499
50
185
662
535
662
780
102
518
646
970
60
175
416
68
739
793
562
499
320
207
923
236
778
409
823
77
747
159
127
176
896
569
210
978
703
230
501
337
894
870
487
399
821
908
638
423
661
275
346
504
508
94
534
191
228
179
631
765
159
124
767
546
731
185
480
19
468
488
591
341
471
377
153
408
831
655
709
468
869
293
173
29
661
196
769
65
134
389
354
878
798
600
540
600
409
418
542
299
810
3
199
678
844
705
44
131
814
803
315
735
949
505
162
155
976
791
735
831
50
493
233
237
725
363
169
555
654
320
557
782
464
45
268
412
909
694
638
77
371
718
616
128
959
950
511
332
720
940
412
841
5
322
381
239
281
963
852
606
864
511
757
811
235
460
417
579
631
563
887
727
779
939
651
928
636
39
689
190
39
876
56
620
902
280
588
456
78
930
466
720
910
791
252
299
805
268
537
992
650
105
220
146
386
778
929
793
189
554
844
530
750
206
195
266
722
146
321
433
403
564
157
43
541
932
823
337
332
862
197
440
84
85
936
365
819
125
838
353
502
659
196
732
150
910
236
854
716
475
317
495
819
940
549
291
976
885
330
790
47
417
639
282
322
45
16
192
179
244
42
14
936
89
241
148
806
949
260
35
815
596
591
335
367
511
145
759
518
370
304
701
855
474
181
857
32
103
907
213
241
972
471
355
926
553
349
905
564
654
19
632
821
614
33
427
555
302
913
116
135
686
157
882
142
354
616
278
953
951
141
987
456
925
143
536
582
540
367
908
343
334
547
447
813
9
808
816
976
915
508
603
277
707
770
127
162
752
13
31
504
455
717
448
148
292
540
87
689
708
415
634
736
869
547
454
346
434
556
126
492
526
649
841
863
283
902
597
447
339
112
179
774
659
714
705
320
37
626
512
308
94
290
935
15
119
1
3
246
918
590
352
239
487
939
823
695
832
986
836
605
160
533
359
332
777
85
842
845
896
238
93
969
508
461
841
122
315
961
217
20
469
701
465
830
524
450
319
643
758
132
558
316
434
567
382
615
603
852
919
876
585
285
87
489
338
476
553
277
666
361
597
444
463
154
14
557
139
730
269
254
630
721
54
139
757
584
638
144
305
124
969
238
594
355
723
548
142
555
50
775
754
605
619
374
656
287
718
579
606
405
993
951
598
414
389
104
500
824
688
706
422
673
803
631
385
709
409
509
855
993
84
184
337
573
132
936
577
917
277
336
979
574
786
633
187
342
604
918
7
808
469
171
473
355
404
31
197
686
127
4
991
563
782
550
547
420
559
336
332
531
559
740
685
810
916
270
292
914
114
765
996
727
494
276
350
894
930
88
644
694
230
545
234
310
850
990
492
377
702
452
198
496
14
781
523
962
227
511
987
815
109
898
366
49
50
41
319
893
917
927
317
421
651
717
246
753
364
701
853
548
736
637
630
849
62
521
270
956
335
678
522
202
554
54
786
316
798
354
423
430
275
750
576
630
895
978
460
691
977
551
92
915
409
321
60
508
897
297
877
588
36
569
319
508
392
835
899
945
178
584
478
657
884
632
163
355
844
466
89
992
717
485
37
133
