423 3452 3805
698 602 1239 43 3148 3046 2403 117 736 2977 1088 2641 482 1512 1526 2849 1147 2349 1516 1464 2075 2474 3423 2678 721 3105 2405 2051 1645 1282 3438 1299 2335 1686 2440 3202 106 925 3412 2767 3157 3006 3444 2139 3315 3084 3418 744 2472 2017 2190 2566 1182 2369 46 29 1270 1581 3290 2520 1334 958 3335 2777 2740 409 1253 1249 274 928 2910 1770 3081 3346 1677 3220 66 1094 2053 245 2166 2179 1275 1982 2505 858 2172 897 2436 1884 1081 910 395 1726 927 1275 2212 708 430 2797 3264 673 2556 2009 290 516 2900 424 3132 2650 2723 63 566 2128 402 173 542 1761 550 883 1784 2877 146 1112 1501 1160 2566 1771 1284 938 1113 222 940 1756 1353 669 2028 2157 516 645 2721 3277 1653 1817 1211 2974 2829 1388 466 3034 1086 3354 767 864 1845 2383 889 773 1228 1391 3057 2311 631 3408 2017 1613 1147 34 2303 655 281 1063 594 3447 1699 3221 2761 846 1935 1002 575 716 38 2791 3333 1641 187 1976 1541 2068 2376 2642 2126 544 1246 2450 647 1602 1475 1627 207 1732 730 2694 2892 2412 84 2428 2739 875 2527 892 1132 3244 3373 3343 1110 1920 2083 1171 173 3369 2381 2748 1747 1277 1943 1568 2242 2150 1253 2246 3248 1179 2963 2883 2103 1711 1436 1995 2780 642 155 1659 566 1802 994 2069 2589 1746 3344 228 2881 1082 1358 219 2081 2002 2045 2537 3443 2096 2492 2866 1844 3037 1163 1264 30 786 2291 2412 2011 1121 2858 1537 1590 517 1328 1104 1945 1218 1841 1156 183 2592 3089 3203 2659 3417 331 2105 2927 3337 2164 3144 1161 3085 199 1109 2686 2523 3255 1489 820 2950 1276 958 2656 326 2676 2675 2017 1069 3066 2343 2657 1636 617 2726 2543 2166 2727 715 1560 8 1363 1346 780 3386 2394 1985 1289 3388 904 2343 156 1243 927 3056 2890 3380 2892 952 1198 2078 2053 1206 2124 2843 3019 1067 1604 439 1555 1769 664 1311 944 1286 1418 1415 2839 3326 2764 946 1367 2968 1349 3176 1949 185 2211 1781 3225 287 1389 3377 2018 2974 2139 2826 2448 3440 820 1260 1548 2450 26 642 2952 1541 826 96 3448 1703 1369 498 2992 1552 2549 1594 3172 2915 3200 2256 1471 1918 2991 2483 3281 2565 509 3383 305 3398 1101 77 2693 983 2504 1776 920
381 393
85 121
320 341
142 262
81 194
159 293
81 177
301 399
311 350
205 391
305 402
35 161
263 357
421 422
358 408
220 327
211 255
318 332
352 388
85 382
313 314
251 409
195 250
398 421
218 260
36 207
329 337
396 422
24 353
44 403
415 419
7 278
177 388
333 402
1 134
228 291
293 354
413 414
61 187
329 338
368 393
344 347
113 334
246 419
265 421
170 365
206 331
419 421
64 157
130 202
150 399
420 422
165 186
412 413
152 381
78 358
100 235
362 398
340 387
341 394
256 408
137 412
385 393
240 243
180 260
256 329
190 320
412 422
343 404
144 358
254 256
197 377
102 104
395 404
418 419
31 416
211 212
369 370
86 303
320 358
119 203
307 370
14 407
73 256
402 403
257 322
120 387
47 280
382 391
86 192
279 389
37 60
209 305
17 406
78 111
35 191
171 321
341 398
30 282
158 263
156 254
83 305
422 422
10 319
277 393
328 404
406 421
238 330
292 418
103 225
127 231
356 365
377 392
30 334
180 368
65 273
165 318
389 412
253 393
184 231
69 72
365 403
405 420
3 32
363 375
5 161
218 353
168 171
319 319
211 265
322 377
252 268
151 205
303 396
320 420
342 355
341 421
379 396
45 153
47 176
227 370
282 295
85 263
107 200
68 161
71 245
373 412
317 371
27 215
258 422
14 349
200 393
189 320
287 373
72 405
65 339
188 230
203 279
56 335
281 339
234 376
208 231
183 194
317 326
296 411
225 242
128 275
286 303
97 262
67 116
378 387
164 200
336 347
396 422
94 271
199 351
41 290
143 230
219 336
4 236
374 385
149 264
100 277
216 298
264 381
249 342
276 415
397 419
62 83
292 390
160 303
187 353
75 197
280 364
148 311
32 258
414 421
9 363
171 419
14 355
241 283
286 376
353 400
119 232
58 262
274 302
231 231
211 273
423 423
18 328
413 417
333 337
133 187
19 260
230 319
403 421
226 226
63 156
408 420
171 221
345 380
67 247
327 371
242 382
237 406
379 387
176 226
282 395
106 373
124 135
228 381
100 157
113 202
131 373
330 408
195 319
359 397
271 409
26 114
374 381
19 357
40 91
347 368
76 211
381 391
206 367
243 265
349 389
423 423
125 289
348 408
7 25
180 209
349 412
59 180
54 262
40 88
131 153
306 411
302 313
7 261
224 402
9 10
79 176
84 143
232 289
393 416
354 406
328 382
411 421
116 276
71 175
326 391
133 196
318 320
359 366
158 165
218 228
63 243
58 182
19 314
16 184
375 386
317 372
298 335
201 381
2 92
388 388
59 404
157 177
194 320
289 379
152 365
157 297
196 198
95 136
241 275
272 381
121 292
303 417
50 257
217 367
397 398
56 221
392 392
190 391
400 419
19 50
13 58
400 414
29 56
169 244
117 242
407 415
64 222
94 408
367 420
266 381
156 308
411 413
141 325
85 156
57 253
365 406
180 378
340 419
176 263
146 332
257 284
55 122
67 222
159 391
109 367
53 201
233 302
254 331
117 253
190 277
220 319
271 303
117 160
226 253
261 379
172 293
152 415
331 339
36 51
26 96
207 241
79 230
138 282
120 211
260 264
96 313
239 280
405 414
345 408
80 313
283 408
339 340
92 125
210 217
26 147
327 351
152 316
144 339
92 151
108 221
138 316
142 264
196 216
129 422
155 382
239 407
118 246
359 360
62 129
228 250
308 347
414 422
341 388
112 355
423 423
359 410
208 311
175 407
260 340
309 370
266 286
39 178
14 358
346 422
206 348
354 358
421 422
5 115
346 360
162 225
324 351
97 324
20 212
233 302
57 279
292 393
119 289
62 342
26 291
268 342
413 417
29 249
184 339
195 310
319 385
371 379
418 419
307 321
8 175
307 341
43 311
186 277
419 419
25 395
82 340
313 409
48 99
79 347
372 390
257 377
177 401
351 360
112 166
260 263
59 197
10 80
303 311
107 398
48 398
271 403
279 320
66 185
118 418
154 422
205 355
51 317
137 325
105 327
37 85
408 421
198 254
149 381
241 401
46 142
217 354
198 320
331 385
197 320
365 383
206 220
17 388
151 211
369 400
311 347
275 276
96 313
168 335
59 172
258 380
389 394
362 414
97 279
356 369
253 314
270 400
200 282
37 70
94 239
406 412
160 266
352 403
194 409
91 124
108 280
162 366
61 266
164 194
284 390
294 407
125 175
169 216
323 328
206 231
259 378
178 379
317 324
404 414
324 386
183 412
321 398
19 191
229 361
33 90
232 404
423 423
38 134
33 85
184 246
282 387
166 223
13 32
342 357
293 359
3 332
347 420
103 142
105 158
409 416
47 144
151 397
22 187
106 148
348 383
179 292
167 196
53 67
44 283
8 227
109 185
33 182
266 324
10 79
370 406
376 419
145 220
278 363
197 328
207 229
93 404
74 245
106 206
256 370
230 363
63 181
271 309
375 377
140 277
260 400
133 331
106 390
338 385
329 374
361 406
231 326
269 298
207 272
180 332
128 345
353 407
350 422
200 202
215 337
336 353
141 216
317 347
42 391
218 373
401 416
183 237
218 247
367 383
300 313
216 286
384 394
202 306
24 90
7 257
78 392
277 319
374 388
56 245
420 422
315 349
281 322
150 198
407 419
41 158
368 416
336 369
332 343
20 44
286 405
278 283
251 420
255 269
281 303
118 398
298 339
18 246
103 203
143 237
114 205
242 418
138 241
43 215
168 188
422 422
26 311
178 179
155 393
340 419
251 266
300 419
69 234
251 251
51 309
222 418
277 366
238 348
66 111
262 406
404 419
184 249
356 416
169 224
292 308
303 371
144 216
71 327
335 414
224 226
423 423
398 418
387 420
182 343
37 130
11 327
123 385
318 397
175 418
20 366
147 155
122 255
229 239
105 121
236 402
224 293
71 285
398 398
65 151
191 246
28 371
167 395
230 371
133 331
289 417
217 405
83 262
20 265
332 398
54 118
307 341
251 324
65 176
279 386
73 384
60 388
399 420
37 202
15 211
17 369
155 418
46 229
161 421
376 404
393 394
325 416
277 376
95 421
290 377
418 421
42 361
225 233
346 406
188 232
27 351
304 327
402 422
312 385
200 365
236 298
177 231
5 57
240 348
302 353
66 208
306 384
248 256
271 400
309 344
344 405
349 383
322 376
349 398
40 95
58 293
191 206
45 389
420 422
232 382
269 276
211 405
142 305
344 422
204 205
117 296
347 374
163 185
146 288
161 382
269 302
340 342
9 72
106 380
210 236
222 343
85 113
64 175
339 374
216 266
355 398
231 266
410 412
125 127
190 264
392 405
44 370
323 346
322 380
195 335
247 403
189 385
274 332
54 156
392 402
120 283
299 301
12 228
28 77
281 317
37 326
99 204
136 262
223 362
128 386
71 357
330 398
357 413
312 400
303 355
290 360
233 302
102 330
285 405
291 344
346 358
86 401
227 230
336 349
193 217
120 230
178 395
23 209
164 350
27 248
237 387
121 180
126 135
361 394
394 401
213 312
85 371
271 303
216 297
310 379
221 376
188 414
79 293
375 400
45 172
118 132
142 344
274 319
415 418
274 288
242 277
264 304
382 389
234 274
390 398
421 422
293 307
216 235
36 367
333 389
79 288
403 417
158 393
381 382
395 411
60 399
242 258
60 219
383 419
411 419
290 323
67 299
322 353
297 421
224 300
296 371
413 419
7 98
148 371
6 237
398 403
408 416
251 322
408 411
43 97
244 317
401 405
71 408
288 356
35 171
298 327
191 272
279 395
293 367
69 213
28 214
272 321
343 408
56 278
372 408
3 128
103 347
270 394
41 388
218 297
86 276
14 143
351 370
215 404
165 242
142 407
225 277
102 182
356 411
297 413
349 411
233 360
74 293
332 386
115 268
387 409
379 397
286 338
79 249
202 388
342 417
136 350
172 308
55 180
310 401
52 246
405 422
257 344
259 367
367 415
393 415
226 280
70 164
265 338
391 404
20 242
48 272
153 359
28 65
155 324
233 291
159 161
393 401
379 397
293 357
378 379
106 276
25 200
404 417
332 409
345 347
34 188
193 389
378 385
12 372
225 399
306 311
10 335
176 354
182 257
124 182
141 211
405 421
378 390
235 373
143 359
369 404
152 152
183 320
312 360
252 320
208 291
420 420
295 295
142 239
112 131
368 376
6 129
173 335
110 183
23 269
77 190
14 38
248 296
159 220
189 312
24 116
418 420
374 412
238 238
168 290
85 280
368 402
365 405
245 312
317 375
301 309
128 128
55 117
316 401
398 411
306 316
203 317
214 359
115 317
32 122
219 277
326 400
408 415
169 306
283 388
243 334
309 401
150 152
279 280
417 420
218 339
157 274
122 323
174 240
22 228
422 422
255 261
204 267
371 420
366 403
110 299
115 136
253 382
96 341
248 418
374 393
60 205
34 44
232 408
107 380
174 238
100 127
359 394
63 116
99 136
334 415
262 408
191 269
141 401
224 322
237 419
127 151
360 388
301 313
29 104
139 416
233 339
177 274
381 392
40 199
340 378
110 122
167 304
79 129
105 165
391 406
59 242
21 305
136 158
276 312
386 386
223 330
322 336
41 342
218 259
4 168
312 378
47 361
176 253
198 327
95 400
101 231
354 366
94 140
291 407
71 233
17 215
204 401
307 420
311 335
24 296
318 321
339 340
186 290
123 405
151 384
416 417
264 321
237 285
239 370
329 355
245 389
140 318
415 417
64 282
320 362
134 184
100 167
355 365
27 106
81 212
44 414
144 172
307 416
104 369
303 338
252 374
362 395
141 364
121 199
380 392
269 333
234 339
134 399
401 409
148 183
294 329
193 421
26 66
129 218
412 420
224 251
94 329
374 408
410 417
414 420
58 323
241 310
379 397
88 404
165 346
37 229
238 335
282 384
43 143
45 130
150 192
394 406
47 103
171 234
293 401
51 146
12 264
342 398
81 247
315 335
225 284
394 394
257 390
311 369
418 418
127 393
13 279
121 240
36 157
354 375
38 178
231 346
191 326
100 236
207 365
219 274
332 394
118 163
339 402
338 397
311 339
180 291
349 408
307 308
421 422
117 229
150 330
309 313
170 279
363 413
252 270
152 210
371 379
100 420
387 405
395 403
63 82
275 296
130 200
344 345
310 421
248 275
112 211
373 403
141 323
166 334
178 206
25 43
146 400
228 275
278 418
73 195
285 385
410 414
234 395
290 327
334 359
44 185
129 375
49 147
414 419
293 361
9 405
14 15
122 159
383 386
286 390
169 238
273 308
139 371
274 296
318 396
372 382
151 201
264 317
334 413
97 218
264 297
402 411
305 353
390 400
278 288
95 214
59 239
372 414
367 404
180 323
87 367
95 199
198 295
96 420
288 295
242 293
157 232
101 351
305 411
367 412
311 348
221 418
181 354
307 319
202 256
303 366
20 238
392 405
192 219
253 325
155 175
385 401
398 418
112 392
394 411
197 373
9 12
93 420
276 410
169 349
253 325
268 345
207 216
198 257
32 353
329 359
364 405
266 288
357 410
65 169
358 365
378 392
293 334
9 101
118 339
291 386
204 217
341 347
252 297
29 368
410 410
413 417
6 406
37 38
302 385
363 394
393 418
20 171
221 311
279 405
93 176
74 405
285 372
149 348
140 323
284 375
236 355
47 109
183 271
339 366
320 397
182 226
352 354
421 422
8 124
128 372
105 355
310 358
384 405
96 180
368 415
416 416
421 422
141 227
15 351
104 296
370 415
345 367
361 412
401 415
273 391
98 213
303 391
399 417
288 354
248 271
152 388
175 236
36 351
265 289
120 184
334 408
36 413
282 295
353 420
134 167
129 346
88 173
62 95
14 393
218 319
316 359
232 288
314 400
324 399
139 412
332 401
368 402
225 422
146 186
335 350
356 382
259 385
25 415
175 389
105 229
266 360
255 364
393 401
13 365
409 414
210 392
258 311
154 232
258 317
26 32
326 384
326 364
239 362
194 422
260 410
349 388
302 386
140 382
203 314
95 295
21 367
46 137
202 264
101 222
313 334
410 414
125 357
127 173
231 360
82 414
374 391
119 280
214 330
301 332
31 178
10 166
255 298
57 322
165 203
262 359
246 348
381 384
239 312
5 221
400 415
418 418
291 313
400 401
200 249
93 311
258 307
115 202
257 363
413 419
85 98
172 296
290 376
256 298
296 354
128 180
360 369
145 293
127 360
300 332
398 408
145 389
100 325
175 358
378 402
50 354
169 418
85 256
411 421
281 370
71 234
311 393
103 169
78 398
301 367
50 379
342 343
295 378
101 266
309 389
402 408
245 412
37 222
364 365
190 249
10 411
294 344
20 199
41 118
198 309
91 404
202 261
380 389
347 402
416 418
183 191
195 395
158 278
128 267
357 358
147 275
228 330
39 242
133 151
121 326
248 394
399 420
181 214
258 269
14 137
234 234
188 240
164 246
85 347
269 379
49 293
57 312
328 407
402 411
386 395
227 366
412 417
251 347
246 271
376 382
281 355
176 217
331 379
329 380
265 363
104 219
381 400
161 238
398 409
260 294
97 142
213 308
293 379
115 176
307 319
95 110
324 358
127 194
24 397
230 307
221 237
173 268
354 381
49 226
336 387
405 406
301 370
312 362
390 407
243 409
155 384
276 352
197 400
420 421
286 327
334 381
126 396
144 202
120 187
184 365
415 419
52 174
175 349
135 216
161 272
101 165
230 282
406 420
310 330
68 392
51 397
13 298
361 402
221 229
34 78
239 364
408 422
356 378
83 232
415 417
40 95
268 392
264 419
255 326
141 233
375 419
185 282
169 397
29 203
232 257
64 384
239 240
284 387
318 342
284 362
402 422
370 414
387 388
298 380
195 276
146 412
116 379
62 259
39 401
389 408
192 341
401 415
260 269
175 201
408 411
340 418
200 406
383 409
171 265
243 343
233 339
421 422
321 381
404 404
199 294
205 345
259 262
138 415
69 293
23 136
194 389
198 390
101 331
198 359
132 326
152 392
306 335
271 320
336 384
154 338
395 398
321 416
320 361
65 379
72 349
39 148
17 193
9 321
75 216
353 408
257 420
60 99
10 182
157 234
127 337
80 210
77 164
51 307
116 381
164 215
299 397
176 361
299 321
277 288
308 402
311 385
101 126
138 271
248 275
92 112
235 270
218 219
274 297
375 395
124 206
84 383
282 402
166 240
99 418
230 381
50 195
162 416
203 314
313 420
130 171
315 327
342 368
147 374
324 327
263 288
38 145
423 423
34 255
52 99
67 234
65 340
252 390
352 377
218 388
285 305
170 278
330 406
18 283
327 362
349 362
321 360
259 321
211 250
1 278
358 361
32 379
186 398
92 254
143 240
102 364
277 375
409 416
12 209
3 313
358 401
264 392
237 282
323 422
112 232
179 273
409 411
156 173
339 384
300 392
83 217
247 356
379 401
318 382
103 163
268 409
175 238
211 393
139 311
283 387
173 215
358 402
118 386
24 78
177 413
9 146
376 392
403 412
103 223
46 264
223 385
394 400
207 222
196 271
133 392
225 311
53 229
307 414
272 296
116 251
191 319
60 285
251 288
258 382
384 384
365 420
321 408
176 180
287 311
418 422
130 322
45 252
144 373
360 363
313 374
160 241
333 365
30 290
406 417
345 396
12 235
136 182
190 329
420 421
24 297
346 366
210 213
166 179
369 392
257 404
195 220
4 281
81 123
322 404
320 402
287 376
15 338
366 388
39 82
43 239
421 422
189 400
329 340
225 238
276 400
148 182
287 409
187 213
278 422
324 351
256 333
308 415
53 398
278 287
243 269
383 391
385 410
241 401
386 410
367 399
282 404
248 404
225 359
300 397
235 393
71 308
144 158
306 387
331 379
266 346
346 412
219 316
4 152
136 242
264 382
285 296
130 334
404 418
175 264
62 282
2 275
115 208
190 271
333 402
168 197
148 174
194 339
166 197
15 187
344 414
254 380
289 401
208 225
215 274
153 213
178 213
231 250
205 323
390 416
298 410
233 376
84 207
95 374
152 414
238 390
114 144
377 378
40 318
219 354
350 395
312 341
307 396
402 403
395 409
66 226
39 320
302 399
357 380
391 400
43 243
255 415
55 289
176 352
285 292
293 366
3 180
91 116
320 414
183 357
92 302
190 314
260 284
362 364
396 419
329 408
297 404
321 373
3 318
212 349
314 339
231 278
288 292
159 336
288 338
251 317
95 269
109 266
98 356
133 272
352 380
257 324
11 358
25 132
72 352
80 225
304 390
33 240
206 314
382 417
400 413
16 379
136 275
210 226
326 419
171 306
337 410
177 202
402 409
212 287
265 361
166 280
320 321
135 170
284 295
90 206
390 418
74 227
52 219
282 314
261 414
81 326
116 150
328 417
32 171
380 383
338 396
186 399
20 352
318 318
389 400
164 387
325 411
111 377
283 421
269 372
165 350
386 419
79 334
57 286
218 348
330 420
8 101
21 245
183 412
133 209
107 130
248 274
402 411
84 254
167 219
1 316
189 398
175 281
393 418
243 404
121 376
84 241
256 372
283 296
154 264
360 409
189 201
183 279
45 337
53 417
417 422
423 423
240 278
338 363
304 376
341 349
149 391
324 394
118 188
270 310
60 129
89 302
52 171
264 320
387 418
100 407
96 280
308 389
423 423
135 289
174 234
92 175
251 401
4 256
379 389
29 341
41 197
257 282
224 336
153 222
27 172
359 369
245 417
407 412
249 262
337 342
248 285
292 393
139 162
251 348
336 403
218 287
295 332
158 243
256 311
105 193
374 390
383 419
206 295
149 418
218 260
211 253
239 351
359 389
112 284
128 391
64 418
132 267
197 249
90 112
272 303
185 362
163 359
2 378
37 46
176 332
4 207
360 363
222 321
39 156
309 354
190 343
374 411
73 176
287 330
91 198
76 78
362 369
61 72
288 375
389 398
402 416
422 422
39 360
409 415
293 313
345 375
84 168
86 99
34 131
232 273
44 372
5 135
319 391
255 294
166 392
369 405
247 411
421 421
146 357
101 134
218 385
417 420
47 387
51 310
56 166
222 358
253 333
250 407
46 173
232 364
73 111
157 166
401 405
139 410
319 399
338 418
322 350
300 403
156 197
158 398
406 410
62 198
237 364
100 268
373 395
124 158
376 404
149 340
325 371
189 414
89 166
17 124
228 242
188 369
223 414
314 317
79 134
210 266
154 385
419 420
65 353
28 332
135 219
233 352
197 298
376 380
127 330
392 398
228 395
303 413
320 373
283 342
319 384
320 345
368 370
277 386
20 421
6 82
6 61
363 368
180 243
49 174
212 400
254 407
292 323
255 352
409 416
304 357
134 251
292 334
91 166
2 237
328 351
95 372
312 400
60 99
250 362
121 158
390 419
252 297
142 220
128 185
9 296
252 300
85 370
243 312
288 297
312 335
155 399
5 83
63 80
298 360
360 370
350 360
306 333
344 406
58 118
315 339
93 338
308 352
109 334
88 193
319 324
241 281
201 288
7 259
196 350
335 377
19 120
101 322
397 398
392 395
249 333
51 124
97 382
411 418
225 250
241 311
184 188
29 135
95 132
343 378
206 232
38 74
338 396
419 420
265 391
193 290
10 408
223 302
56 77
41 315
410 421
167 307
102 113
319 397
250 370
130 151
419 419
220 264
231 329
141 215
178 403
328 347
191 245
124 221
356 358
160 277
326 402
408 408
372 419
55 119
394 400
57 70
370 422
176 320
292 400
21 297
43 361
54 323
302 403
394 398
42 154
119 407
112 198
269 417
330 381
213 304
69 193
378 409
93 100
415 418
236 244
375 395
67 363
151 313
337 350
301 409
59 318
27 393
313 383
369 403
192 223
40 172
210 252
201 297
304 414
152 284
352 357
419 421
326 416
389 413
206 250
140 180
77 119
53 82
407 413
243 340
94 119
51 140
195 330
112 279
7 303
348 366
235 289
247 399
10 47
348 366
316 390
36 196
387 406
182 297
350 374
364 407
403 413
203 237
77 372
314 355
348 388
32 97
185 394
75 138
327 383
180 384
180 368
139 387
281 281
104 224
348 419
151 249
325 384
108 184
86 318
173 363
269 361
242 280
36 299
111 358
115 162
137 350
19 344
413 418
413 415
199 289
411 418
40 279
367 418
382 408
310 334
199 311
210 409
294 415
198 315
246 266
95 142
282 417
75 254
32 346
301 327
236 309
145 385
303 364
276 305
60 420
212 411
120 311
397 412
88 132
305 404
225 293
361 373
228 410
59 419
9 393
96 308
329 366
306 360
208 225
326 340
217 282
214 265
14 407
290 368
208 240
193 313
228 290
359 400
67 145
32 401
303 392
128 360
99 302
163 249
373 394
48 80
145 155
89 262
4 154
400 405
88 258
221 248
340 410
367 415
126 389
63 135
219 370
307 373
397 399
53 62
283 407
104 229
253 319
51 56
96 339
207 368
303 311
215 242
90 229
412 412
101 327
103 183
200 262
55 106
91 120
201 279
160 412
36 363
4 101
294 398
194 307
17 53
15 106
69 105
299 317
53 192
192 295
202 361
91 216
385 421
217 384
173 335
247 298
103 237
308 326
150 238
174 209
13 298
319 391
225 366
48 312
191 382
262 339
34 314
93 308
65 344
258 356
89 380
302 304
418 420
121 247
391 412
243 274
46 366
310 422
321 404
317 354
65 83
16 290
368 392
272 351
246 420
223 248
221 400
274 340
62 312
313 413
102 342
23 123
345 355
403 421
418 420
295 416
312 405
186 289
103 116
131 344
65 309
303 305
230 286
296 367
123 317
139 359
259 296
367 413
374 399
355 420
401 414
349 391
19 220
411 414
359 391
72 267
140 393
370 400
251 353
399 422
267 402
6 138
274 400
199 276
395 401
175 256
34 178
163 406
282 417
8 41
234 365
191 317
158 351
214 295
323 323
379 409
271 288
420 422
188 412
105 247
32 65
85 130
65 280
63 93
113 358
310 364
238 390
416 416
249 336
367 405
51 410
124 394
63 360
71 163
26 210
16 197
97 310
249 333
279 308
355 402
62 223
57 91
339 374
287 310
81 195
224 354
141 184
148 385
202 304
176 412
83 131
358 394
82 416
164 347
410 420
188 246
63 161
355 415
71 276
176 178
299 361
200 405
226 229
252 416
173 333
282 381
405 415
118 258
134 236
187 265
252 343
213 246
116 287
391 421
164 253
381 383
23 353
179 300
289 333
31 92
217 380
168 200
408 412
419 421
175 342
229 288
211 398
191 266
307 395
183 391
241 283
339 408
135 241
388 392
155 291
194 278
286 357
232 324
286 295
199 215
304 320
299 337
407 408
163 305
23 352
224 372
128 316
284 364
235 343
288 370
54 83
250 353
345 421
381 412
297 392
331 403
307 397
218 316
134 310
322 421
348 374
221 360
229 319
153 260
134 334
152 274
344 374
75 122
292 410
197 270
87 255
117 281
364 419
43 223
310 329
281 360
203 319
89 372
207 349
370 393
91 95
239 320
369 410
304 317
322 400
173 179
64 307
197 312
272 409
203 411
296 315
106 226
88 201
21 262
142 379
271 355
137 302
62 164
323 411
67 345
39 186
210 319
251 382
9 216
286 326
396 410
409 416
346 353
396 418
310 331
238 333
120 195
380 400
129 296
423 423
285 405
92 367
7 260
90 417
374 407
331 381
97 279
240 329
219 263
120 125
377 421
79 375
188 278
374 381
313 358
118 190
338 350
319 422
106 185
205 355
46 136
328 339
249 334
302 374
154 315
366 384
145 309
237 273
66 163
71 386
400 416
229 295
346 408
338 360
119 304
108 409
265 302
225 306
188 192
264 282
260 388
364 365
401 422
274 317
97 307
369 388
107 347
407 411
336 342
169 392
413 413
79 102
330 417
242 391
289 412
215 322
410 415
285 396
251 409
19 31
170 239
217 231
265 386
119 281
131 371
90 374
172 234
171 300
288 333
82 165
137 351
8 221
177 375
230 271
333 386
241 272
374 386
393 413
258 293
260 395
76 139
108 150
195 197
117 125
161 318
395 398
407 410
273 410
335 402
292 321
88 179
117 153
165 406
300 403
155 180
83 196
329 411
16 95
423 423
46 73
44 212
106 387
317 349
49 106
249 329
86 382
229 255
297 314
196 269
378 390
280 360
37 71
53 415
411 415
256 299
352 421
79 187
64 162
225 264
99 351
423 423
339 394
207 230
323 383
40 257
75 405
98 239
115 359
10 119
276 338
51 63
97 337
311 412
391 396
181 263
333 357
341 382
90 132
69 368
418 420
118 197
219 348
133 189
221 265
130 416
200 388
24 86
238 258
175 315
44 183
105 170
247 280
244 245
287 403
219 343
271 372
286 383
380 395
273 294
96 301
338 365
196 258
407 407
404 420
205 231
151 166
224 261
190 400
7 416
331 385
399 420
289 385
206 386
55 276
31 35
218 328
373 402
232 357
168 255
265 266
134 248
301 354
351 372
306 394
76 142
336 354
232 408
124 232
33 280
157 221
182 237
148 209
416 418
191 368
291 377
92 388
405 406
346 409
187 232
178 380
173 348
155 302
228 316
187 248
298 332
277 336
340 422
163 172
401 422
29 95
22 174
226 386
251 361
317 406
356 358
21 354
45 83
110 144
53 233
367 383
190 356
57 263
12 184
154 317
2 107
148 187
173 408
99 163
217 404
321 350
67 366
76 172
266 270
93 360
200 374
157 381
74 156
355 381
216 346
100 418
387 421
393 401
315 370
305 399
181 206
225 419
80 412
316 319
85 343
238 384
416 419
240 317
71 91
359 386
82 341
409 414
344 373
42 65
226 395
71 347
165 286
375 412
127 190
158 343
388 396
202 206
350 406
382 399
310 322
66 233
336 379
144 222
83 352
385 408
53 161
167 405
313 342
241 276
9 153
75 289
23 332
171 414
390 410
391 419
372 397
340 419
336 370
377 385
400 408
200 256
191 313
63 150
388 418
119 333
344 348
258 389
323 414
323 420
57 357
212 233
22 382
405 421
22 351
223 292
146 257
35 310
307 362
403 410
254 295
40 77
46 246
219 242
393 403
178 334
230 277
394 408
122 265
26 116
81 204
267 338
72 318
290 356
332 351
55 108
163 241
192 255
329 411
69 136
323 389
83 334
332 416
398 408
382 386
87 391
205 328
106 197
229 343
181 413
203 255
12 258
252 299
351 409
70 324
248 331
423 423
227 313
170 175
130 286
280 310
151 292
337 407
13 107
131 351
82 310
234 310
44 135
277 408
339 339
199 398
43 388
401 402
223 252
355 373
161 404
276 416
147 172
211 350
268 406
164 172
379 400
20 362
322 331
202 349
411 411
196 341
411 422
5 156
295 331
109 211
364 403
189 310
150 296
35 85
298 411
263 304
120 190
343 405
226 303
184 186
289 417
249 326
343 361
39 159
375 383
329 358
340 374
247 356
92 263
297 389
342 393
48 392
252 306
294 377
270 298
199 369
415 420
286 336
195 303
115 160
12 332
144 322
216 419
63 224
236 347
9 196
113 220
359 393
236 353
73 98
100 179
265 285
393 410
73 164
423 423
332 352
133 351
232 381
223 330
223 357
147 278
21 71
1 251
302 391
184 310
226 306
35 216
174 383
194 413
336 336
106 237
302 385
280 405
363 369
188 320
156 202
196 208
110 145
5 152
13 19
142 162
101 289
238 407
215 245
1 411
301 316
123 396
338 395
202 226
155 361
208 352
152 173
82 305
156 284
173 367
238 316
10 163
9 263
286 388
391 400
263 348
183 281
131 198
185 379
60 96
396 420
263 361
179 348
249 407
351 394
417 418
131 227
197 408
329 359
330 410
267 414
57 270
367 395
401 413
399 418
84 255
410 415
392 422
408 413
119 229
289 387
14 346
157 325
102 402
396 404
307 383
360 366
260 372
409 420
188 281
52 323
263 272
376 388
80 185
94 160
408 414
372 404
92 135
337 412
149 323
159 285
311 417
335 365
280 363
187 409
291 316
322 382
287 358
374 378
316 365
296 412
372 377
357 365
328 375
292 410
104 148
163 313
149 412
291 305
311 387
399 408
354 395
274 343
195 381
408 417
376 386
159 287
296 344
138 289
336 406
229 327
292 345
316 409
289 419
339 368
153 185
287 421
337 373
165 166
71 329
30 412
390 414
41 201
368 372
323 344
306 355
173 419
317 332
65 128
75 150
266 340
122 224
343 359
385 393
146 168
310 418
303 322
339 352
139 271
249 349
129 143
327 335
367 393
217 338
303 304
184 325
189 297
150 352
330 404
192 332
242 400
140 379
35 352
405 420
398 422
112 226
57 81
212 237
187 303
376 386
406 412
284 318
417 420
168 393
55 230
264 349
417 422
205 218
156 284
260 315
405 418
277 420
177 251
102 157
7 406
61 233
420 420
184 186
388 395
75 360
182 324
39 289
184 224
162 219
152 225
119 131
108 397
271 301
255 343
106 160
403 418
293 386
246 263
119 288
28 139
235 363
152 421
11 316
55 192
398 402
335 394
300 319
252 307
171 311
148 285
256 390
59 82
352 367
172 403
340 349
250 280
388 406
4 268
310 417
34 199
82 209
26 73
156 185
410 421
416 419
291 377
347 378
291 317
170 422
380 380
1 236
55 242
322 357
415 417
176 285
333 355
34 65
196 381
93 153
165 244
234 276
128 269
390 410
225 394
407 414
207 405
326 395
129 350
392 402
172 174
60 178
24 192
124 214
408 418
288 400
35 39
408 422
92 419
266 377
39 419
51 64
237 348
30 186
411 412
107 413
18 28
252 407
179 371
412 421
169 175
187 246
76 202
387 399
418 422
309 394
354 396
12 303
345 351
217 377
152 328
214 252
262 396
342 420
128 140
414 416
217 419
388 397
298 402
306 418
100 267
317 345
375 378
211 404
282 321
337 376
292 418
74 149
421 422
223 278
190 339
271 362
238 322
421 422
236 345
353 371
297 322
370 405
104 420
387 412
373 419
89 241
325 386
153 388
332 339
368 370
28 288
155 196
413 420
350 419
85 308
70 172
176 348
277 408
394 399
337 410
259 356
403 407
367 393
99 331
332 363
188 264
285 382
375 390
167 341
209 270
289 344
323 366
361 386
351 395
235 407
54 360
104 310
214 390
398 421
349 422
368 376
394 406
124 268
152 385
174 365
275 416
79 250
226 419
302 359
54 224
294 356
115 268
140 415
40 259
103 299
180 409
138 248
312 405
148 208
397 416
221 306
250 269
341 358
421 422
2 223
203 366
308 327
391 421
195 372
138 249
160 229
401 408
124 313
13 99
157 345
369 375
92 157
23 421
298 395
254 347
236 387
226 237
338 375
45 309
387 394
366 393
16 30
111 125
370 379
136 210
82 134
52 243
288 302
309 319
313 333
202 387
46 325
143 350
85 259
415 418
397 412
362 386
383 399
367 367
119 214
262 283
276 399
359 382
175 236
174 190
155 328
347 382
323 421
154 293
148 156
312 346
395 419
378 406
344 357
175 361
419 419
122 195
265 339
87 150
112 214
200 302
361 369
345 348
47 49
146 270
46 324
183 267
98 361
55 171
396 418
341 374
257 282
277 320
304 393
273 320
299 358
170 294
264 383
211 275
185 389
197 223
326 382
68 280
158 418
189 402
423 423
382 421
329 390
143 318
404 419
229 256
89 358
339 375
234 253
278 414
260 346
216 228
404 415
213 305
59 278
49 392
415 421
295 314
102 366
93 227
243 245
311 377
240 308
340 395
146 184
209 417
325 393
201 261
157 293
377 378
281 322
209 336
414 417
14 275
168 382
72 144
357 377
196 286
377 414
165 384
357 407
246 344
402 419
394 400
333 372
35 315
198 216
80 313
404 409
255 368
71 344
152 164
240 368
68 121
304 402
257 391
400 400
248 381
392 398
217 258
74 386
116 168
319 411
203 225
38 240
65 84
391 408
58 417
45 415
315 372
320 412
215 296
402 407
224 372
117 276
403 411
205 266
312 376
176 254
83 186
323 397
213 360
19 417
268 315
116 250
367 401
131 345
291 354
322 394
263 397
253 295
323 348
237 396
51 147
9 205
347 373
259 309
371 391
372 380
46 235
382 412
295 362
413 417
258 276
71 209
423 423
404 408
237 361
369 392
336 385
59 210
404 416
77 235
218 377
118 316
407 413
27 45
384 391
49 134
152 264
27 158
239 368
203 402
34 54
75 262
260 358
399 400
289 399
148 392
47 188
184 297
255 422
26 60
350 393
28 72
274 290
234 366
316 349
271 323
235 377
154 174
179 235
12 238
76 222
127 316
100 128
271 362
234 235
221 249
120 122
214 415
75 276
399 405
49 157
327 348
410 415
231 314
368 370
370 420
122 377
176 385
421 422
57 301
67 151
215 335
150 163
260 348
139 339
53 239
238 369
129 205
286 342
315 383
385 409
384 393
279 344
178 308
345 403
188 334
16 83
355 366
140 159
305 416
236 342
180 234
164 358
140 165
328 376
420 421
280 300
1 393
18 132
90 135
95 313
397 398
375 389
339 405
147 333
99 312
47 123
216 367
232 326
11 259
242 291
282 288
240 336
296 331
286 325
225 242
185 216
265 276
336 422
308 354
359 381
374 381
376 398
421 421
159 369
413 415
28 337
374 409
355 384
130 183
244 295
44 168
101 324
201 335
290 321
29 268
242 420
367 367
98 303
105 380
189 241
406 414
124 164
167 387
180 270
164 260
215 303
16 408
74 260
321 373
367 391
4 347
23 321
206 357
26 262
274 351
289 395
403 406
292 392
409 412
301 350
177 313
322 387
83 309
36 160
14 119
124 220
48 365
25 386
162 366
263 335
391 422
317 414
342 348
126 247
290 295
25 414
111 373
282 327
56 205
125 325
75 311
120 278
302 370
48 264
44 256
111 242
91 215
10 143
200 332
127 236
250 353
230 304
88 167
68 339
200 282
14 333
7 312
81 419
273 387
268 362
279 353
291 412
296 302
52 300
238 378
370 404
313 365
233 410
82 354
287 379
203 390
383 415
216 395
185 213
181 236
399 421
153 392
415 416
380 413
58 132
38 380
278 392
308 357
314 386
41 320
268 349
357 383
324 398
258 324
414 415
75 361
131 415
158 208
247 365
345 387
397 419
202 205
308 329
271 306
238 402
276 411
350 384
376 398
184 306
