100
1
19
23
999991
777700000001
8589934592
9999999999999
200000000
76543210987654
11111110000000
1000001
504030200001
777700007001
10000000000000
100010000
17592186044416
8796093022208
87654321098765
54321098765432
100000000000000
777777777777
100010001
32109876543210
9999999
43210987654321
99999999999999
999998
3020000001
90123456789012
56789012345678
1000000
23456789012345
999989
549755813888
268435456
999999
4294967296
1010001
89012345678901
200000001
10000000000001
274877906944
10001000
10001001
77777777777
777700700000
137438953472
777700070000
777770000000
777707000000
777700007000
45678901234567
77777777
504030200000
100100000
33554432
34567890123456
1073741824
10987654321098
77777777777777
16777216
21098765432109
777700070001
70368744177664
40302000001
12345678901234
65432109876543
68719476736
777700000000
20000000000000
19999999999999
134217728
777770000001
7777777777777
98765432109876
11111110000001
777707000001
67890123456789
100100001
536870912
777700700001
2199023255552
17179869184
777777777
78901234567890
7777777777
67108864
4398046511104
34359738368
35184372088832
2147483648
20000000000001
10000000
10010000
1010000
999990
3020000000
40302000000
10010001
1099511627776
