100
16 1 0
3 5 15
2 2 2
15 1 1
1 15 6
14 1 13
9 1 6
3 4 12
8 1 4
1 15 15
1 16 1
4 4 9
3 3 6
3 2 2
2 2 1
5 3 9
1 15 1
4 4 14
4 3 12
15 1 11
5 3 0
5 2 6
5 3 8
5 3 11
15 1 8
2 3 6
2 3 0
3 3 9
3 5 0
1 15 7
3 5 2
1 16 16
7 2 8
16 1 16
15 1 7
3 5 8
2 7 13
5 3 15
1 9 6
3 5 7
3 5 1
3 3 8
7 2 13
16 1 8
15 1 0
2 8 16
15 1 6
3 5 9
16 1 9
3 5 14
5 3 1
3 2 6
1 16 9
1 1 0
3 5 12
5 3 12
2 3 4
4 4 1
3 4 8
4 4 0
5 3 10
5 3 4
2 8 13
4 4 16
2 6 10
3 5 3
5 3 3
2 8 3
1 16 7
3 5 11
16 1 1
5 3 13
5 3 7
3 3 7
4 1 1
1 15 0
1 16 0
5 3 6
4 2 1
5 3 14
4 4 7
1 16 8
3 5 6
4 3 8
1 15 8
5 3 5
1 1 1
3 5 5
3 5 10
3 5 13
4 2 5
15 1 13
16 1 7
2 2 3
2 4 1
15 1 15
3 5 4
2 5 10
5 3 2
4 4 8
