100
1
19
23
1101
998999
990000
10110
11111
999991
512
999899
1999
11101
876543
4
102
11000
1998
900000
131072
524288
20
789012
200
109876
11100
262144
11
1001
987654
999989
11011
4096
900001
201
99001
999999
999900
901
2201
90
101
10111
31
10
10100
999998
999000
990001
30
900
101001
999990
989999
21
9999
100001
10999
100
91
11010
29
2001
11110
10001
9
101000
1000
19
12000
999
22
1111
12001
12
99000
999001
899999
10010
10000
10101
2000
111
999901
2101
10011
2002
32
110
2100
11001
99
1100
1099
1000000
100000
2200
1110
432109
199
