5000
2 1912 3423
2 419 4226
2 1627 4693
2 4760 1391
2 1488 4966
2 1117 4090
2 2368 3020
2 1123 3506
2 3614 802
2 772 3446
2 4164 3509
2 4268 4545
2 1867 2929
2 2463 220
2 1444 4294
2 611 1472
2 4700 863
2 3815 3713
2 746 1602
2 4457 1276
2 3490 3869
2 3419 2090
2 822 4301
2 4473 4326
2 4853 1519
2 2254 360
2 1227 65
2 2358 4931
2 2768 3397
2 1027 1090
2 2631 1867
2 4755 1186
2 1745 810
2 358 736
2 4132 3432
2 1867 3550
2 3694 1500
2 286 3925
2 4688 4012
2 2707 2304
2 861 569
2 4882 493
2 3305 1305
2 3651 3848
2 2644 2915
2 4118 4063
2 2409 2405
2 3585 1906
2 2286 4924
2 3862 3706
2 823 2756
2 4574 4353
2 2108 640
2 2881 181
2 1867 2232
2 899 4543
2 1302 4312
2 2357 3265
2 905 491
2 3187 2966
2 4612 1341
2 3394 2040
2 4485 1442
2 2862 3021
2 2719 2830
2 1380 3230
2 3046 1902
2 200 2085
2 2637 2613
2 1000 316
2 3928 608
2 4835 1450
2 768 3468
2 1867 2441
2 1350 661
2 340 672
2 2720 4650
2 2226 986
2 1689 4966
2 2183 1392
2 504 4381
2 4024 804
2 1397 4471
2 2234 4146
2 1332 3258
2 83 1980
2 3882 3402
2 2278 676
2 2415 658
2 3261 3562
2 4081 1554
2 3708 4104
2 4693 486
2 2288 4706
2 1120 2033
2 3314 1474
2 3558 2130
2 1192 368
2 623 3487
2 1981 2577
2 756 1919
2 3181 768
2 4201 448
2 3501 4912
2 1447 835
2 4685 2588
2 1347 2844
2 2704 757
2 2620 4178
2 1910 1010
2 3392 4
2 657 423
2 267 2076
2 196 1356
2 2811 4914
2 1617 3593
2 2196 383
2 1836 4737
2 750 1516
2 160 3520
2 4996 273
2 4774 359
2 87 318
2 1082 3791
2 896 443
2 3119 2673
2 1711 2937
2 132 2567
2 1302 911
2 3797 2547
2 4361 527
2 2372 3152
2 868 699
2 4553 4994
2 2926 2817
2 1704 2443
2 2825 2705
2 4741 2975
2 2837 3454
2 3400 2487
2 2832 1625
2 753 2889
2 1226 1438
2 3746 1867
2 3468 4551
2 397 3001
2 2364 1612
2 590 3234
2 3781 1867
2 191 2822
2 1243 3140
2 3323 4158
2 2281 1352
2 3665 2866
2 2006 3384
2 1634 861
2 1546 3782
2 743 1343
2 3274 4575
2 3460 4240
2 3721 1090
2 4766 4681
2 2423 2630
2 646 3349
2 4972 2047
2 2076 3276
2 922 1310
2 1992 145
2 3907 4922
2 2146 2275
2 3114 4894
2 4259 1721
2 521 3334
2 555 3581
2 4207 1503
2 3292 2660
2 198 3818
2 4871 4740
2 1780 4956
2 3683 354
2 4130 1127
2 3931 3279
2 1867 731
2 1867 3268
2 2626 3136
2 4737 1098
2 660 4847
2 1340 3013
2 4718 3270
2 3179 3137
2 3492 1020
2 2461 3393
2 4536 4502
2 4249 2139
2 2106 2880
2 197 4529
2 256 950
2 1054 4025
2 3982 2443
2 2846 3296
2 1867 4904
2 1867 1134
2 488 2703
2 1907 1329
2 3510 3986
2 1982 642
2 503 556
2 2615 752
2 1562 3295
2 4636 4925
2 1389 1756
2 267 925
2 1387 2653
2 2258 385
2 4303 3491
2 2028 1012
2 4983 746
2 4390 3672
2 4204 2494
2 1396 2679
2 272 2266
2 2144 1079
2 1765 348
2 4337 1547
2 2792 4970
2 4939 1578
2 44 334
2 4868 2264
2 3469 2698
2 4275 1546
2 375 4811
2 553 3372
2 3861 2773
2 4157 2563
2 3926 2228
2 2005 4667
2 1331 4036
2 1957 1210
2 834 1701
2 3078 2317
2 2113 1958
2 989 3874
2 203 1660
2 1070 177
2 152 571
2 2197 43
2 3149 316
2 1929 1016
2 3329 2646
2 3819 4537
2 457 402
2 3785 396
2 623 160
2 4742 3215
2 2919 2114
2 48 1605
2 766 4886
2 4886 4500
2 4530 663
2 2885 4546
2 96 1867
2 1262 2019
2 1940 4341
2 1855 3803
2 442 2394
2 3586 2770
2 2137 2535
2 817 4604
2 4067 1163
2 2 1738
2 3759 1497
2 1773 3846
2 1046 2152
2 4369 3445
2 666 632
2 2645 2983
2 1538 328
2 2147 4491
2 1670 4097
2 4590 4014
2 739 3191
2 4840 259
2 3102 1177
2 1867 3541
2 532 1634
2 3204 3158
2 3514 846
2 3901 3540
2 3691 651
2 630 2088
2 3568 1606
2 3173 3532
2 3079 935
2 2468 3823
2 961 1579
2 683 2854
2 2907 2250
2 4762 1986
2 486 4996
2 4261 2562
2 4010 3462
2 2579 3309
2 4701 243
2 4130 3654
2 3914 1510
2 2865 1277
2 2566 1814
2 4891 3508
2 3074 4932
2 4809 1642
2 938 357
2 871 4421
2 437 319
2 3249 3205
2 1590 4355
2 1062 3182
2 2331 4958
2 664 3402
2 3259 2984
2 2728 1523
2 3851 1412
2 4606 573
2 2428 2751
2 3922 3004
2 4487 2350
2 2858 4321
2 4851 1769
2 2823 2185
2 4735 734
2 2356 2528
2 850 1594
2 1702 1847
2 4398 1067
2 3651 210
2 4144 685
2 4076 399
2 2578 686
2 2110 191
2 875 3913
2 1561 2858
2 4642 694
2 1133 3624
2 674 2921
2 737 333
2 2715 1644
2 3623 2781
2 4436 2864
2 317 3353
2 2893 2764
2 3544 812
2 3351 965
2 2552 196
2 3201 1882
2 2031 3739
2 85 3608
2 1121 2742
2 2473 2000
2 4007 4069
2 4504 2985
2 1457 2548
2 815 1687
2 2016 953
2 2791 4761
2 2532 1684
2 1647 730
2 4773 4792
2 738 1070
2 2976 1867
2 34 824
2 3083 4817
2 665 3925
2 4710 4323
2 4553 904
2 4217 1156
2 1543 3838
2 2628 1553
2 562 475
2 4469 345
2 343 4430
2 1037 2193
2 2203 2526
2 3619 944
2 1865 2049
2 1458 1867
2 1604 1733
2 3299 1461
2 346 2533
2 1692 374
2 1197 903
2 4359 4271
2 2562 2290
2 1224 1331
2 1144 293
2 3408 3065
2 1867 3556
2 1200 4223
2 1870 939
2 3828 2970
2 3118 342
2 167 2668
2 4785 1013
2 516 2153
2 3442 2727
2 1743 4306
2 4054 2695
2 2688 960
2 3463 4213
2 3483 1330
2 537 3970
2 4209 1048
2 465 2704
2 4477 3055
2 2948 4979
2 1867 3661
2 3949 1031
2 159 3683
2 2091 1933
2 2983 661
2 3472 170
2 1694 3432
2 3473 4673
2 4478 1187
2 3531 3535
2 481 3943
2 4081 2420
2 3841 841
2 4476 4810
2 1950 539
2 2190 3972
2 3612 571
2 4236 3369
2 3933 731
2 897 2214
2 2395 4274
2 4360 547
2 1635 3228
2 3259 3301
2 225 4455
2 336 3117
2 4781 2509
2 3691 790
2 1007 1654
2 913 955
2 3018 2703
2 2959 2863
2 4255 3367
2 764 1867
2 2060 4351
2 4587 4683
2 1350 4181
2 3844 546
2 2936 1542
2 3050 4092
2 3656 3827
2 3227 4572
2 1930 4625
2 4867 516
2 4678 182
2 1574 3057
2 992 1891
2 888 2675
2 395 1786
2 4321 4740
2 3473 2133
2 475 1358
2 1505 2066
2 4148 1456
2 1327 201
2 3536 4057
2 207 542
2 148 1236
2 3320 3245
2 3076 4555
2 209 4641
2 4366 165
2 2706 3928
2 3604 1601
2 1657 766
2 4148 3873
2 3120 1817
2 3648 2741
2 4038 1911
2 2207 32
2 1857 3698
2 1678 2768
2 3318 1991
2 4856 2451
2 2062 4585
2 4592 3390
2 1312 3206
2 1526 3699
2 667 3962
2 4752 490
2 1611 1593
2 3442 1867
2 1781 1774
2 490 1208
2 4463 119
2 4330 4266
2 3981 3750
2 3499 1541
2 1079 12
2 3028 560
2 762 4929
2 4578 3941
2 2383 61
2 1247 4887
2 3542 4756
2 2085 4086
2 4512 2294
2 907 3267
2 4449 3093
2 4404 3628
2 220 1415
2 896 482
2 4222 3479
2 3128 1036
2 2449 4782
2 3874 124
2 1985 1867
2 2004 645
2 4340 4544
2 2397 494
2 867 2169
2 270 1759
2 1069 3613
2 4434 3644
2 4167 4784
2 1256 4880
2 2001 3757
2 3186 1176
2 1758 4659
2 3376 936
2 3077 171
2 2339 1487
2 4311 4114
2 2594 588
2 3023 1415
2 1365 288
2 2952 2942
2 3290 842
2 556 4274
2 4918 3041
2 864 1345
2 2747 1722
2 799 350
2 1254 2800
2 2454 2132
2 4039 3466
2 4246 1417
2 4326 3569
2 4225 4862
2 3924 2384
2 3700 94
2 2782 1372
2 4231 3028
2 1672 937
2 512 4007
2 4036 4731
2 4732 1867
2 95 2903
2 1233 4366
2 4728 4512
2 2532 59
2 2318 3361
2 3896 3940
2 2378 4077
2 4684 3417
2 1511 1805
2 3863 3143
2 3323 4705
2 78 4493
2 4295 187
2 1986 2537
2 525 1347
2 3833 184
2 4332 394
2 2312 2713
2 4628 1897
2 479 2411
2 3120 740
2 3353 1975
2 3780 3509
2 2344 346
2 3271 3000
2 2597 3360
2 4056 3145
2 711 2084
2 908 458
2 4842 4294
2 2105 2445
2 733 2038
2 553 2054
2 1149 4147
2 4368 3797
2 2241 2499
2 793 1958
2 2760 3551
2 2188 2280
2 1977 1496
2 858 2498
2 3059 1862
2 4384 2462
2 4210 1793
2 1867 4558
2 1774 2895
2 1113 4547
2 3546 1830
2 847 1122
2 2787 668
2 4888 2366
2 2726 3055
2 1050 3400
2 973 1813
2 554 1053
2 2179 1576
2 732 4581
2 4454 4114
2 3878 1306
2 3696 3587
2 2866 4950
2 4248 2963
2 3460 4410
2 36 751
2 318 4441
2 2571 1345
2 2426 3361
2 2755 4275
2 1746 4716
2 2116 4011
2 1623 3902
2 4456 3742
2 2635 506
2 707 1535
2 3429 4300
2 80 1034
2 1244 2416
2 1558 1646
2 3766 2682
2 3103 1157
2 550 1864
2 1084 2360
2 679 250
2 2025 2534
2 1485 4378
2 3810 3286
2 2227 4839
2 2693 4769
2 1478 1770
2 417 1678
2 2508 4247
2 3881 3706
2 4004 1115
2 69 3864
2 2345 2683
2 1430 1819
2 3535 2833
2 4083 206
2 1867 3940
2 2827 1361
2 997 2022
2 3993 76
2 2671 1298
2 1552 3251
2 253 120
2 4456 4756
2 20 1126
2 4197 1431
2 1076 2151
2 321 3198
2 2081 2495
2 1561 4950
2 691 2513
2 3022 3142
2 3622 1810
2 612 412
2 4688 3973
2 73 145
2 3255 4537
2 449 3779
2 3237 1820
2 2257 1266
2 4159 3414
2 2424 849
2 3836 636
2 4020 294
2 121 2008
2 689 3523
2 1506 2955
2 1747 4166
2 4609 4627
2 4017 1308
2 1702 3266
2 2639 3017
2 828 3183
2 4211 4329
2 2931 495
2 1257 4005
2 4976 1666
2 4573 1784
2 1645 2310
2 519 242
2 1089 3962
2 4607 3358
2 109 3992
2 1723 2242
2 1783 1227
2 3965 2349
2 2738 1966
2 4794 4679
2 2730 3029
2 910 2277
2 3067 228
2 3047 16
2 839 671
2 4337 288
2 3099 2069
2 1705 2834
2 4422 2723
2 1369 2363
2 2714 3632
2 4259 3963
2 3599 2021
2 1849 3086
2 2516 3538
2 3790 2305
2 3439 1466
2 2140 3997
2 4754 55
2 1740 2075
2 1987 1049
2 1072 263
2 552 3688
2 607 758
2 157 230
2 27 4069
2 4398 2621
2 4916 1286
2 90 2933
2 3676 3954
2 3355 2203
2 1449 59
2 3214 260
2 291 1167
2 1688 3388
2 1762 1760
2 771 709
2 498 4402
2 186 118
2 4412 956
2 2496 3550
2 745 3633
2 2456 2920
2 545 3439
2 27 707
2 723 2130
2 2689 1629
2 1108 1113
2 4535 1867
2 3311 1050
2 1531 1919
2 505 2939
2 365 3165
2 4957 3197
2 2739 2545
2 4003 4425
2 1448 3622
2 2422 3794
2 3258 2505
2 105 4339
2 2738 2742
2 4173 1363
2 911 4622
2 839 2263
2 4185 4221
2 3687 3734
2 467 479
2 306 1491
2 1450 2579
2 1361 4344
2 579 4704
2 4848 4153
2 4915 1294
2 528 2582
2 301 1994
2 4483 4208
2 4445 3379
2 2325 1766
2 2736 3908
2 1867 4525
2 1065 4344
2 4048 4136
2 886 1812
2 442 3710
2 3660 464
2 4330 4945
2 1826 978
2 2734 2660
2 3544 548
2 4457 2982
2 3420 1310
2 2930 3763
2 4048 2687
2 4347 1193
2 4940 2794
2 1548 2598
2 820 3422
2 4434 305
2 3935 1683
2 576 3291
2 897 2291
2 3340 3521
2 4910 1837
2 1931 60
2 673 1453
2 2745 4608
2 68 361
2 3090 4806
2 224 716
2 1716 1974
2 2074 249
2 4802 604
2 3243 1184
2 755 736
2 3737 742
2 4608 217
2 1925 3263
2 4714 798
2 182 1130
2 39 677
2 1852 3754
2 687 2607
2 3371 4052
2 1867 58
2 2462 1465
2 3627 2100
2 4653 827
2 3244 4919
2 2157 2495
2 2142 4767
2 1811 3804
2 4692 2510
2 93 299
2 1867 4510
2 4645 2098
2 2823 2048
2 2724 1492
2 581 480
2 1551 2120
2 4992 3647
2 2928 2806
2 3716 1427
2 1161 2189
2 4931 1241
2 1125 2274
2 2878 1867
2 4845 3416
2 924 2851
2 1867 4286
2 3724 4304
2 1328 1805
2 13 4620
2 4568 4672
2 4343 2772
2 886 2750
2 3920 3404
2 584 387
2 4976 1706
2 618 536
2 3430 3601
2 3233 2073
2 4282 123
2 2406 570
2 4860 499
2 4108 1530
2 4304 2795
2 1325 859
2 1087 4595
2 2279 3830
2 2819 2318
2 28 854
2 2500 3587
2 970 3547
2 1252 2531
2 4203 111
2 1106 3330
2 4664 4397
2 1867 4873
2 4375 280
2 1867 3190
2 4828 4721
2 3568 1258
2 33 4418
2 52 4729
2 538 4426
2 1911 913
2 2990 3684
2 588 3972
2 3250 335
2 2006 3303
2 1868 1104
2 2841 1550
2 1206 4091
2 2980 1221
2 1526 4516
2 4880 1777
2 4944 879
2 3522 4678
2 3314 690
2 2438 882
2 2284 3396
2 3253 3597
2 477 2813
2 4885 4441
2 3189 4064
2 4526 388
2 3373 2272
2 3919 513
2 1076 4150
2 4616 3603
2 1545 2545
2 3352 2406
2 1469 4613
2 4683 4298
2 2535 2803
2 1525 4324
2 4270 949
2 4486 3817
2 39 3829
2 3690 2810
2 3165 141
2 1093 1685
2 290 4594
2 69 1895
2 4342 4981
2 551 2074
2 1539 3202
2 2000 2129
2 4616 3477
2 2001 606
2 2207 3906
2 1898 15
2 4350 3160
2 2369 3510
2 1999 2488
2 1943 1752
2 2957 452
2 427 967
2 3008 2192
2 2370 1605
2 514 538
2 1208 295
2 4389 72
2 101 761
2 3766 2813
2 1816 3213
2 4896 673
2 2091 3711
2 233 2878
2 3218 3008
2 2991 1355
2 1128 1867
2 1061 3129
2 329 4018
2 4677 1750
2 4946 2102
2 3377 4810
2 1509 2086
2 369 3116
2 3151 2816
2 3807 724
2 3496 4242
2 2740 1475
2 1996 3283
2 1556 3036
2 3761 2167
2 405 3934
2 3300 2131
2 1298 1424
2 743 2036
2 526 4593
2 692 1567
2 2176 2314
2 1867 4039
2 1564 1511
2 2324 4032
2 3300 3037
2 3839 3664
2 2850 1921
2 2902 3853
2 4098 4621
2 2744 2784
2 1574 1462
2 2922 3868
2 2062 367
2 2139 3362
2 4813 1867
2 535 4890
2 126 4832
2 2436 1062
2 566 1652
2 1246 599
2 1034 1607
2 2886 4467
2 2222 1734
2 4318 2978
2 4177 1202
2 1044 4928
2 2771 2127
2 3682 1025
2 12 2218
2 1077 1804
2 4180 2971
2 4569 2782
2 4671 431
2 957 4541
2 3768 1972
2 1872 2796
2 3175 3885
2 817 4959
2 1651 2850
2 3883 1141
2 3336 2608
2 717 3545
2 2900 4582
2 330 4396
2 131 3381
2 598 1586
2 4730 4100
2 1879 1868
2 718 2590
2 1471 2561
2 531 2148
2 2183 3348
2 600 1551
2 108 1424
2 1914 106
2 1637 2425
2 669 919
2 1899 2787
2 625 123
2 572 1307
2 814 3366
2 3744 97
2 1418 1920
2 3736 4170
2 4819 3640
2 1926 4325
2 3657 4558
2 62 3072
2 773 129
2 4089 4564
2 3700 1941
2 1597 880
2 269 4437
2 4041 173
2 1253 3471
2 2044 157
2 4485 3553
2 1752 1394
2 1616 1778
2 2717 4165
2 359 1581
2 4261 4841
2 154 621
2 4492 2201
2 4310 1957
2 2701 2087
2 4506 3451
2 3818 4916
2 424 4757
2 215 4341
2 3486 3500
2 4758 4072
2 3064 631
2 4913 4722
2 4897 189
2 2805 242
2 4545 1727
2 364 4016
2 4879 3900
2 3697 3403
2 2743 1313
2 4915 1794
2 4935 2019
2 470 3419
2 1978 2737
2 2589 245
2 800 1135
2 4827 131
2 1252 2199
2 1029 3148
2 2211 1721
2 574 298
2 696 4157
2 2322 2566
2 234 1095
2 4534 2255
2 921 765
2 3646 1028
2 1367 3837
2 430 4212
2 2216 4264
2 2603 809
2 1771 3778
2 444 1967
2 4355 1867
2 2024 2417
2 803 792
2 650 2449
2 605 1049
2 1035 849
2 4413 2417
2 1051 1885
2 4040 1204
2 1955 1885
2 4694 4464
2 3159 1215
2 3955 1177
2 1186 4660
2 3796 2824
2 1867 1492
2 972 2093
2 4296 3319
2 1264 1844
2 1276 714
2 204 2804
2 3781 1071
2 3522 1237
2 1676 3931
2 1668 2034
2 176 2138
2 4991 3991
2 1086 4278
2 1527 2982
2 4764 4034
2 927 1867
2 2430 1297
2 2319 77
2 3716 3553
2 3871 4290
2 3069 698
2 610 4565
2 3079 2103
2 831 3911
2 3958 4994
2 3805 1042
2 1166 656
2 1883 2623
2 4447 847
2 3559 219
2 4120 4405
2 1239 4316
2 2705 24
2 225 3303
2 2202 1052
2 983 4938
2 3592 1191
2 2916 3847
2 3815 2953
2 2840 3595
2 3051 2668
2 2051 1416
2 573 3301
2 1840 202
2 1819 4621
2 2098 1606
2 3236 3759
2 3455 1598
2 4744 3262
2 1867 2379
2 184 1458
2 4182 2627
2 2664 1024
2 2030 4646
2 918 3812
2 1136 1405
2 1375 103
2 1556 2182
2 153 1513
2 4624 179
2 1867 1922
2 4911 1837
2 3589 3273
2 2944 4725
2 4776 3095
2 2749 461
2 2407 4612
2 2307 2559
2 2648 2013
2 3452 426
2 4703 2976
2 4845 4964
2 3429 2577
2 2179 3478
2 3159 1142
2 4256 4091
2 3210 4676
2 3576 3248
2 2059 1806
2 2910 2584
2 1784 2126
2 3089 3773
2 3075 135
2 1290 1670
2 1033 2218
2 876 4666
2 3206 961
2 2079 3178
2 258 257
2 4129 3576
2 2970 2651
2 677 2979
2 1829 1898
2 4080 776
2 156 285
2 2260 232
2 3774 1414
2 4893 2173
2 4249 282
2 1074 2599
2 3322 2846
2 399 1460
2 2611 976
2 2460 803
2 1296 4654
2 2830 468
2 2115 3958
2 968 2444
2 4562 455
2 4369 4253
2 552 1614
2 2573 3503
2 3032 2175
2 2420 690
2 15 590
2 4778 1522
2 1132 4519
2 3939 89
2 1641 3264
2 3499 1385
2 4002 2539
2 386 1869
2 2516 3512
2 1867 3121
2 2280 4809
2 3777 1030
2 4073 100
2 2825 1767
2 2269 3853
2 2654 1733
2 1713 3879
2 4224 1896
2 2765 4613
2 662 2601
2 4453 2678
2 2789 3154
2 161 30
2 4765 3066
2 8 2677
2 2013 471
2 4604 2761
2 4579 3725
2 4733 1283
2 274 2529
2 564 364
2 2092 2930
2 2586 3844
2 2438 3042
2 4830 877
2 4209 1129
2 666 508
2 4029 3996
2 2311 1281
2 4729 2550
2 3047 2385
2 3642 3596
2 2779 3876
2 1680 710
2 2769 1717
2 1434 81
2 2766 2774
2 2309 2419
2 4463 3042
2 1799 699
2 518 4812
2 3113 993
2 2778 2119
2 4579 4159
2 4462 384
2 2313 2458
2 2676 1673
2 3469 4424
2 172 1093
2 2032 3563
2 1369 2883
2 4317 4134
2 3164 4239
2 1598 1468
2 1715 1440
2 2891 1637
2 2340 3396
2 2371 940
2 3711 2571
2 4656 788
2 2972 3070
2 4493 2501
2 2948 1749
2 2134 3863
2 3352 639
2 1900 323
2 4283 2467
2 813 1183
2 3646 4995
2 2047 1905
2 3893 2113
2 2344 4520
2 1700 4313
2 4635 3903
2 3355 1754
2 541 2338
2 2201 1336
2 4874 4566
2 1475 441
2 4286 878
2 4215 2570
2 4904 4043
2 2321 4336
2 1017 2909
2 3667 46
2 4263 2611
2 2675 3892
2 1590 4419
2 4489 3192
2 4403 1611
2 3777 4206
2 1995 2308
2 1938 966
2 1622 2674
2 4611 3979
2 3676 4237
2 1850 387
2 3214 751
2 2146 2434
2 4343 1648
2 4934 2003
2 2869 1759
2 3177 917
2 371 38
2 1620 2022
2 2371 1592
2 1476 3347
2 4741 2700
2 4277 500
2 3380 653
2 1587 4529
2 1787 140
2 1315 165
2 4196 1482
2 2067 4566
2 4466 3447
2 458 829
2 3239 3065
2 1677 2824
2 3901 3315
2 338 150
2 250 4111
2 4589 2144
2 3932 1041
2 315 1107
2 2480 1418
2 684 1407
2 1282 2365
2 1715 2188
2 4201 3089
2 1792 1949
2 4703 2935
2 2475 1809
2 889 1515
2 1152 2367
2 4838 1903
2 4000 1862
2 1241 501
2 2150 2974
2 3959 51
2 4638 1
2 741 1320
2 3990 3894
2 2855 619
2 622 3786
2 216 4184
2 4834 862
2 1867 2569
2 4367 2475
2 4757 3909
2 772 4637
2 2437 3245
2 4443 1137
2 209 4483
2 2641 1145
2 3029 4388
2 1524 2051
2 1218 4790
2 1540 3247
2 4034 1934
2 3133 1373
2 2424 4811
2 4443 406
2 3057 3846
2 1056 1501
2 1434 3102
2 840 2053
2 2029 4868
2 3166 1097
2 10 1396
2 3063 992
2 3162 3100
2 473 2209
2 4910 1643
2 1858 2686
2 453 3289
2 1266 1080
2 2859 1211
2 757 3164
2 1451 3032
2 505 2712
2 4902 2398
2 1225 1109
2 489 2015
2 3730 583
2 990 1250
2 1326 2644
2 2960 2009
2 3085 4381
2 450 75
2 347 2519
2 2432 211
2 720 1296
2 1741 392
2 188 1845
2 2996 1242
2 4033 1425
2 1697 2564
2 1927 2629
2 2042 1534
2 4965 4602
2 1875 1465
2 1421 4593
2 2529 491
2 1768 4954
2 836 1650
2 1867 568
2 1680 2513
2 2652 4509
2 1486 4814
2 1645 3855
2 569 985
2 3359 2027
2 4774 4041
2 1229 3118
2 2241 2945
2 2709 1867
2 4245 1273
2 4038 4163
2 2981 2061
2 4689 748
2 2023 1922
2 2070 3435
2 3503 2684
2 4368 3662
2 1937 1877
2 4325 4888
2 4179 47
2 2844 251
2 2600 790
2 2650 855
2 1939 1387
2 3140 2168
2 2810 718
2 4679 1728
2 4293 4831
2 2662 4690
2 180 416
2 3026 3135
2 4748 4560
2 1301 1038
2 3168 3890
2 1881 1867
2 2291 4791
2 237 392
2 1277 2867
2 4394 3728
2 3059 1800
2 2242 2994
2 398 1212
2 4302 2287
2 3504 416
2 2975 4556
2 4995 3809
2 3806 3705
2 173 1824
2 421 464
2 3317 1077
2 3493 1909
2 3051 2200
2 2068 2128
2 2468 472
2 643 3718
2 4820 3843
2 941 483
2 544 626
2 2014 1808
2 2281 104
2 4273 3513
2 280 4796
2 956 2180
2 2671 1484
2 2862 4352
2 4779 1638
2 4328 1867
2 3363 1178
2 2793 917
2 3110 735
2 1147 4284
2 2808 3246
2 2568 3967
2 4374 629
2 904 2729
2 4481 295
2 326 463
2 845 3272
2 407 1653
2 297 1547
2 1886 1287
2 147 1783
2 2215 2129
2 2028 1720
2 2185 4531
2 2783 1936
2 253 99
2 4252 3880
2 3007 739
2 4591 2160
2 1867 3350
2 2376 1867
2 2261 3717
2 2250 557
2 1384 4647
2 2872 4183
2 4653 2838
2 2058 1977
2 4401 1863
2 3671 2011
2 4406 4817
2 4125 445
2 2072 393
2 1681 3073
2 4824 784
2 4176 1325
2 519 3518
2 3015 589
2 1324 2606
2 3995 4060
2 626 1304
2 18 1160
2 923 1254
2 1158 4017
2 2345 3845
2 3638 4451
2 3518 3567
2 2607 843
2 2447 3971
2 535 4448
2 1429 3211
2 2474 2251
2 3594 2876
2 2304 696
2 3377 1349
2 2991 2402
2 4937 4430
2 4074 4504
2 4399 4051
2 2215 5000
2 3919 2746
2 3462 23
2 4191 2760
2 2056 4289
2 1867 4670
2 3517 3302
2 2538 4334
2 3769 4906
2 2470 496
2 4093 4075
2 4992 4700
2 1395 1071
2 3741 150
2 2819 650
2 2070 1557
2 3488 4726
2 1496 4371
2 928 4942
2 3461 1760
2 4934 311
2 3488 2212
2 3585 3112
2 3382 3170
2 651 3348
2 466 3611
2 1499 1314
2 4627 311
2 971 4075
2 3203 1133
2 1442 4070
2 1197 4225
2 4189 33
2 2359 3126
2 2471 4232
2 4927 104
2 4662 919
2 4999 4049
2 3459 3415
2 4495 1293
2 2867 1989
2 2008 3565
2 1964 2075
2 4055 1910
2 1880 2347
2 3661 1323
2 1022 3224
2 1553 2112
2 40 1577
2 1867 2125
2 2151 2301
2 4659 1328
2 2099 2557
2 515 3515
2 4844 2905
2 2124 2569
2 3105 1359
2 199 136
2 4257 355
2 691 1610
2 3634 4846
2 1810 2492
2 3049 3062
2 4824 1376
2 2786 1740
2 4641 2565
2 4094 1797
2 3627 3732
2 4131 1518
2 3896 375
2 4213 2997
2 3820 4177
2 2979 2956
2 2618 2348
2 4676 4425
2 2514 2848
2 255 1867
2 995 488
2 1839 1400
2 16 2605
2 811 1489
2 4058 1799
2 844 1035
2 2293 2119
2 3571 2152
2 2851 4973
2 4526 1867
2 384 1172
2 865 3709
2 3202 1210
2 4044 3607
2 3702 2918
2 1437 4421
2 3412 2904
2 1616 4990
2 3528 1933
2 570 3588
2 4794 4309
2 4432 1889
2 4491 1818
2 2652 49
2 2245 4415
2 2211 1813
2 1058 735
2 4086 4418
2 1854 3560
2 1185 1731
2 1131 3854
2 4465 3215
2 4203 1156
2 1181 4125
2 4879 254
2 2997 3000
2 2638 2774
2 3229 3602
2 943 4654
2 4595 1631
2 687 1624
2 2357 2695
2 1259 2320
2 1002 2055
2 407 4151
2 4229 4796
2 4145 3043
2 2683 2329
2 4399 4686
2 2279 3659
2 1993 2785
2 283 1119
2 978 987
2 2680 1916
2 918 1584
2 2572 188
2 4264 3269
2 404 4426
2 916 1669
2 2681 862
2 2546 281
2 2988 3096
2 1284 498
2 4626 2674
2 2181 1993
2 947 4422
2 2559 1027
2 2097 4671
2 1834 2925
2 1483 4786
2 4832 1763
2 2944 1443
2 95 3629
2 1004 2212
2 2236 1275
2 434 2882
2 2713 2431
2 1022 2017
2 419 3387
2 3145 4094
2 1904 881
2 2504 1224
2 1867 178
2 3771 4951
2 4513 3336
2 214 3291
2 4511 3158
2 4494 2332
2 3489 3670
2 4908 3452
2 2397 2877
2 4090 3658
2 1171 4367
2 833 1929
2 785 3841
2 3494 3052
2 2453 619
2 2688 712
2 4083 3875
2 2 2174
2 4988 2408
2 4644 1867
2 1962 2408
2 1406 3056
2 1867 2525
2 317 3036
2 408 2934
2 3753 1932
2 4377 54
2 1716 1103
2 2168 1867
2 3406 1512
2 431 3024
2 3974 1867
2 1185 2993
2 109 4865
2 2184 3769
2 2065 56
2 3126 3936
2 2025 2012
2 3172 2640
2 1867 1689
2 3376 1154
2 2364 468
2 2230 4472
2 2198 456
2 1104 3825
2 415 2487
2 1423 3326
2 2656 25
2 3534 2150
2 3306 2386
2 2596 4784
2 4711 948
2 2989 722
2 1990 1269
2 3076 1965
2 4385 3850
2 3507 4560
2 1288 1666
2 3281 4340
2 3729 3744
2 1867 4997
2 4675 2057
2 169 4897
2 544 4336
2 3198 2665
2 2785 313
2 1563 4917
2 4452 2446
2 4285 4409
2 1829 3277
2 1106 4701
2 2740 3407
2 2927 4843
2 3889 4117
2 1031 1479
2 4929 3174
2 2918 994
2 583 11
2 1867 2109
2 3040 4147
2 4998 1240
2 4658 4664
2 1867 4749
2 749 1867
2 2131 1047
2 440 4730
2 1474 107
2 4187 2223
2 432 4392
2 4539 1364
2 2031 1398
2 3393 3762
2 3207 3857
2 1380 2731
2 2314 3364
2 183 1111
2 4519 4936
2 264 2641
2 4278 2956
2 1160 2776
2 298 3680
2 660 780
2 4733 111
2 3013 1965
2 1853 2079
2 1432 2320
2 675 767
2 247 138
2 3640 2533
2 2305 3389
2 2946 2455
2 3418 456
2 2206 560
2 4682 1338
2 1800 522
2 655 1568
2 1671 2935
2 4935 2147
2 4622 4373
2 1198 1657
2 1272 3098
2 232 593
2 1417 2477
2 3616 3193
2 162 1924
1 2262
2 809 2071
2 1461 596
2 2661 3477
2 4597 2898
2 3942 1867
2 529 906
2 4198 4153
2 2633 2061
2 2161 374
2 3638 3109
2 2057 255
2 2112 2071
2 2833 487
2 3487 4364
2 3850 4863
2 4109 4709
2 1867 1283
2 773 1860
2 993 459
2 3222 290
2 1751 6
2 1318 3060
2 585 4536
2 3811 2744
2 701 1456
2 3590 596
2 890 2349
2 2637 4925
2 1198 4450
2 4720 4416
2 1444 2223
2 2243 2958
2 2751 305
2 594 1821
2 3426 744
2 2194 42
2 28 2094
2 3871 3953
2 2460 2328
2 2909 3033
2 533 4104
2 1588 1782
2 2479 1025
2 477 3610
2 1263 1289
2 3729 2373
2 2588 852
2 3605 3078
2 2752 1580
2 1039 1619
2 1998 1516
2 3272 723
2 999 2209
2 9 2913
2 537 898
2 3547 2809
2 439 4766
2 3391 2038
2 4458 4778
2 2788 1351
2 4821 775
2 3371 4541
2 4250 1502
2 4704 3187
2 4572 3643
2 786 2249
2 2712 4503
2 4221 1017
2 2667 4500
2 1944 3109
2 2643 2102
2 741 381
2 4035 2880
2 3976 816
2 1016 4787
2 4953 1171
2 4800 436
2 4116 4565
2 702 1078
2 4429 4455
2 1217 2410
2 4116 2596
2 1365 3944
2 1099 2877
2 1639 3685
2 237 559
2 779 302
2 1860 2966
2 2029 2814
2 478 257
2 303 1812
2 1867 1212
2 1591 1776
2 2755 4115
2 4031 953
2 1995 4554
2 4655 2655
2 4045 4617
2 4603 2666
2 4920 3018
2 5 3916
2 2377 1073
2 701 1770
2 1044 1801
2 4643 4901
2 2237 2111
2 1388 3269
2 2296 727
2 4354 4890
2 2287 476
2 1528 373
2 2024 4348
2 1397 472
2 929 3230
2 3113 2360
2 4078 378
2 3129 7
2 2853 3984
2 4470 2162
2 3657 1944
2 4347 4986
2 709 4013
2 910 1867
2 382 3736
2 4551 4218
2 322 1164
2 4010 146
2 3345 1867
2 4219 462
2 3723 1631
2 2180 1787
2 4417 4087
2 2205 2413
2 2895 2799
2 2860 2355
2 3979 4854
2 1867 4378
2 4128 1081
2 3630 797
2 320 4411
2 273 1667
2 4713 725
2 1875 4829
2 1867 2512
2 3312 2501
2 148 3038
2 4171 1563
2 4592 1864
2 72 779
2 4699 3883
2 1403 3840
2 2761 3232
2 202 4715
2 409 3415
2 142 4999
2 429 898
2 1238 1838
2 4797 3312
2 185 2190
2 3453 4747
2 2546 1804
2 3045 3101
2 4027 2135
2 4372 1137
2 4357 2466
2 4660 965
2 2233 4973
2 1736 578
2 260 4370
2 1275 894
2 3688 2735
2 2727 3163
2 4872 889
2 4416 1961
2 1287 1982
2 4243 1952
2 1069 3782
2 1459 1056
2 595 1867
2 567 3953
2 1867 3712
2 1168 3193
2 1494 3525
2 1147 3063
2 1518 64
2 749 2142
2 4939 2384
2 310 1246
2 1867 4772
2 1675 2114
2 476 71
2 4961 2665
2 3516 903
2 2083 3450
2 738 3310
2 377 465
2 1589 3220
2 4543 2771
2 4481 2200
2 1984 3922
2 1248 4156
2 354 1832
2 1681 2777
2 1683 1454
2 1144 4370
2 4107 1756
2 3569 2646
2 881 4655
2 2137 2973
2 1507 1980
2 2167 1438
2 1410 3418
2 406 1757
2 4121 4982
2 4791 435
2 2374 659
2 676 2730
2 3296 1006
2 1917 4820
2 4338 282
2 4011 1867
2 3801 4198
2 3633 4414
2 1399 786
2 4138 3631
2 2865 4242
2 2358 2645
2 3514 4765
2 2826 168
2 4435 2733
2 3382 1467
2 1997 3774
2 693 332
2 3515 3180
2 327 4968
2 144 3005
2 3654 719
2 309 2288
2 4407 933
2 107 575
2 3103 118
2 4267 462
2 3492 1010
2 2801 3564
2 3671 1454
2 303 2555
2 1437 4623
2 4738 1976
2 1057 2621
2 3760 4284
2 793 865
2 974 1867
2 2058 4698
2 4803 2857
2 3084 335
2 4648 4971
2 2540 4697
2 2105 94
2 2230 1591
2 4233 4979
2 3144 4156
2 2205 4984
2 2021 1621
2 2396 4819
2 900 1155
2 3482 4663
2 1841 1565
2 1322 1066
2 1199 3732
2 4065 1893
2 1481 3292
2 1867 3938
2 3673 3870
2 4830 1388
2 186 2754
2 1867 2757
2 1015 1727
2 3223 344
2 3304 3600
2 3707 4280
2 1714 1176
2 2093 306
2 2195 2943
2 4722 2170
2 3910 4170
2 4780 3479
2 3719 4599
2 3344 1696
2 2005 4905
2 1867 4082
2 3125 246
2 1607 289
2 2362 1313
2 2303 4217
2 3287 1883
2 1632 554
2 4497 1697
2 3789 1455
2 981 1448
2 720 4907
2 2310 4903
2 1317 584
2 4870 1268
2 4596 4404
2 3091 4096
2 2849 130
2 4226 4780
2 3326 2136
2 2515 3428
2 4168 2491
2 1550 837
2 3594 1520
2 415 1816
2 322 3887
2 2072 2036
2 4834 3449
2 229 1293
2 615 2163
2 3989 3150
2 55 1663
2 1346 2572
2 3595 3470
2 2626 88
2 1231 2902
2 1656 3800
2 4429 106
2 1867 4080
2 2987 4517
2 4957 2049
2 3305 4141
2 3410 1930
2 1713 4779
2 1679 3316
2 2541 4206
2 1894 4089
2 3555 3398
2 408 2309
2 35 420
2 4732 4058
2 4755 3731
2 85 769
2 4555 126
2 4021 2941
2 3407 2988
2 2886 239
2 2030 4018
2 377 3684
2 4984 236
2 4055 697
2 1314 1100
2 2148 4268
2 171 3790
2 2427 338
2 4651 275
2 2236 1354
2 4849 1927
2 663 1517
2 50 652
2 2609 2324
2 874 3692
2 4763 3459
2 1884 2204
2 4906 3749
2 2655 1835
2 433 811
2 2928 4932
2 4383 4312
2 4346 1100
2 2550 500
2 2801 2739
2 935 4444
2 3366 1116
2 484 4439
2 4538 2718
2 4626 826
2 292 2554
2 1764 1712
2 4433 2767
2 1014 555
2 2256 2937
2 2520 4535
2 3084 4208
2 238 1672
2 75 418
2 4474 4599
2 3947 3832
2 41 1457
2 1867 3054
2 4016 4557
2 742 564
2 1599 1604
2 1865 2506
2 1089 3372
2 3799 4559
2 947 3190
2 2511 2157
2 2172 3580
2 2121 3722
2 1773 3858
2 4563 1608
2 3743 2156
2 3375 158
2 3685 1452
2 517 2482
2 2334 2861
2 4570 4738
2 885 1844
2 3600 3147
2 1409 272
2 882 620
2 412 3294
2 952 497
2 1603 1346
2 1476 4912
2 4435 1584
2 3927 4513
2 2585 3802
2 1924 4900
2 1490 1439
2 3606 2706
2 1636 3074
2 4292 2253
2 3108 3467
2 2990 1566
2 2986 3593
2 4155 974
2 4479 2104
2 3923 334
2 3635 1466
2 4881 3266
2 1278 3388
2 52 2764
2 1863 1217
2 2170 4552
2 2285 3431
2 4479 2896
2 4211 3010
2 2064 2382
2 3463 332
2 1311 4955
2 2701 3345
2 3483 3464
2 2632 3062
2 2658 81
2 2642 4710
2 1970 649
2 2699 3428
2 3751 3150
2 2829 1060
2 1878 4216
2 29 485
2 4650 460
2 1326 3066
2 3641 2759
2 1235 425
2 1068 36
2 806 3104
2 3403 2934
2 2386 1357
2 3543 954
2 2458 4892
2 1094 4234
2 2187 729
2 2238 3635
2 4584 689
2 156 41
2 4322 686
2 591 2125
2 3111 1401
2 443 3420
2 842 4549
2 1063 3168
2 1024 2381
2 2465 796
2 2794 3088
2 58 4349
2 633 3623
2 1842 3897
2 503 1854
2 487 4864
2 3424 4761
2 1651 2052
2 1532 3080
2 4172 530
2 543 3410
2 4316 1230
2 2370 454
2 344 3747
2 1690 2775
2 1831 414
2 2911 4333
2 2353 1153
2 1794 4933
2 1569 3455
2 1183 3573
2 2526 3932
2 1327 3203
2 3012 2766
2 4174 3413
2 1541 4120
2 4088 1124
2 4839 1755
2 3112 3656
2 606 496
2 4271 4783
2 3663 2894
2 831 2696
2 4335 2106
2 70 4272
2 3016 3486
2 3161 1903
2 3552 2849
2 91 4576
2 717 4786
2 3220 469
2 1341 740
2 4665 2485
2 3498 2497
2 140 613
2 2351 4186
2 3524 1971
2 3621 4920
2 2210 4642
2 2012 1307
2 4690 2491
2 79 1781
2 1654 2915
2 3238 2634
2 4490 1274
2 1867 1593
2 2831 1788
2 2507 4050
2 2497 1822
2 3201 787
2 4989 1309
2 838 3526
2 3865 2410
2 2214 2063
2 3221 3143
2 3485 277
2 3745 4031
2 2063 411
2 2260 703
2 3873 863
2 4169 1436
2 35 4651
2 2874 4459
2 2042 206
2 3512 3457
2 1238 4524
2 3581 891
2 4760 3464
2 3421 1747
2 2327 3726
2 1867 1122
2 3961 4631
2 2120 2583
2 2450 1867
2 4775 906
2 110 2110
2 2917 349
2 3030 4816
2 2630 4134
2 2486 568
2 3016 1389
2 4046 4365
2 3304 2610
2 495 403
2 4158 2717
2 2239 1043
2 2500 1753
2 754 3793
2 1080 2256
2 3758 4771
2 4467 1207
2 4151 2708
2 1509 3597
2 2233 309
2 3278 2807
2 2418 984
2 274 1231
2 417 958
2 4917 4844
2 2961 647
2 4728 54
2 401 3878
2 438 1155
2 1643 4850
2 4883 991
2 3341 3801
2 2614 649
2 658 1758
2 4892 2687
2 1273 3945
2 2981 3678
2 2829 2679
2 1019 4871
2 4792 4945
2 1011 502
2 3380 4858
2 1901 3320
2 1402 1163
2 2393 1867
2 3929 2121
2 2968 246
2 2221 2413
2 276 418
2 2446 4358
2 1400 3703
2 638 3162
2 352 2715
2 2900 4960
2 473 1796
2 3490 132
2 2409 3128
2 1623 1491
2 3493 1908
2 4588 629
2 2530 1867
2 3949 2636
2 4417 3068
2 4317 4308
2 4635 2111
2 2390 3617
2 3681 4409
2 151 3276
2 3448 1867
2 4982 380
2 1220 194
2 3146 4998
2 924 449
2 3009 2718
2 1867 248
2 3034 4214
2 4909 3720
2 2628 695
2 976 2078
2 4875 218
2 6 3616
2 4024 3071
2 4518 951
2 678 2556
2 1422 682
2 4082 812
2 4714 4695
2 4609 4309
2 1408 1398
2 4423 4391
2 4923 4135
2 4946 3579
2 307 1096
2 451 4436
2 634 3620
2 388 1876
2 116 4050
2 1983 4736
2 1162 400
2 4161 987
2 914 3398
2 932 1294
2 2775 3908
2 3699 3445
2 3417 2814
2 3329 3879
2 905 4415
2 2781 4468
2 3257 4797
2 4065 4143
2 245 430
2 2162 1149
2 3185 2189
2 3704 1249
2 900 155
2 376 2503
2 2478 4798
2 163 2430
2 4601 1742
2 1088 4272
2 3191 169
2 4103 4190
2 985 4812
2 1402 4238
2 3981 1867
2 2542 4078
2 197 3681
2 3903 3153
2 2269 3173
2 243 3474
2 73 102
2 1699 1997
2 1261 1190
2 3381 4955
2 3412 2556
2 1877 1569
2 3467 4947
2 74 3571
2 3229 2828
2 614 3921
2 4843 1867
2 390 2372
2 4395 729
2 2540 2132
2 4188 706
2 474 1648
2 1340 2003
2 2951 2797
2 2244 3384
2 2832 4980
2 3171 1772
2 830 929
2 1507 294
2 4954 4028
2 1736 2998
2 2578 2077
2 4167 682
2 4698 4591
2 2433 4362
2 1729 3082
2 4853 3332
2 1983 2551
2 4680 1427
2 2436 152
2 1515 1705
2 759 2248
2 2651 892
2 2635 2859
2 711 1401
2 3333 3205
2 3156 3240
2 2524 284
2 3675 4647
2 4758 2045
2 895 1717
2 1065 3993
2 2581 337
2 3935 3915
2 1316 1872
2 1472 1048
2 289 441
2 299 121
2 2518 4869
2 806 3909
2 869 4319
2 3761 1477
2 2686 3280
2 1075 4462
2 1478 151
2 2298 745
2 5000 2268
2 2461 1463
2 3293 3424
2 2908 4265
2 4243 2969
2 2622 1253
2 1861 1896
2 579 4109
2 2927 3978
2 3662 1609
2 3561 2278
2 3570 1647
2 828 2011
2 1351 1303
2 3961 1299
2 1744 1023
2 4376 67
2 2083 3703
2 2871 1322
2 61 1188
2 2040 1379
2 1075 1867
2 278 1859
2 1300 2663
2 1952 2270
2 1855 3911
2 1956 2530
2 4968 807
2 4215 4262
2 2911 3727
2 2868 3115
2 4118 4207
2 3572 3038
2 1099 4855
2 1125 4614
2 1258 2657
2 2762 2286
2 3592 1320
2 2442 1004
2 1383 2731
2 1519 2199
2 1726 30
2 504 1817
2 912 2444
2 2403 2836
2 948 3155
2 4183 341
2 4866 1440
2 3545 1658
2 53 3554
2 1242 3438
2 195 2375
2 922 873
2 2411 17
2 494 1335
2 4239 3135
2 3998 3124
2 3133 2155
2 4495 19
2 4009 1114
2 3607 1575
2 2149 1123
2 3044 1009
2 4637 1378
2 2752 4697
2 4620 2387
2 4807 648
2 1094 1842
2 511 3298
2 4459 3256
2 1671 2118
2 166 2493
2 3218 2277
2 3224 1315
2 1138 2543
2 1618 1513
2 3655 3097
2 3425 4486
2 928 2693
2 1831 3106
2 3754 2743
2 3601 4829
2 3839 1195
2 2166 767
2 3313 4332
2 4338 1867
2 2245 3955
2 4585 26
2 1358 2689
2 3645 4473
2 3440 2489
2 3010 2729
2 2306 2100
2 1867 4461
2 3806 3548
2 2082 2977
2 4578 4717
2 2642 2486
2 1189 3436
2 2552 2492
2 4230 78
2 4993 2220
2 1959 2592
2 4930 1142
2 3675 4580
2 3751 223
2 1159 2932
2 3385 3033
2 4961 4394
2 2962 2009
2 3324 2898
2 134 1146
2 3110 2950
2 3625 1221
2 3339 612
2 501 2367
2 3137 2852
2 3598 3652
2 2836 4550
2 143 2078
2 601 4895
2 2707 1528
2 2666 1441
2 1088 2536
2 1280 2600
2 4022 3534
2 1441 3796
2 1419 813
2 3458 2967
2 3740 3180
2 1724 1710
2 1284 1269
2 249 2531
2 888 3856
2 3330 3004
2 2917 1510
2 4937 2574
2 3886 3257
2 4965 1098
2 1888 4857
2 1184 2916
2 959 856
2 2043 2640
2 2772 2527
2 4149 4615
2 3433 3872
2 1953 1490
2 455 1932
2 4353 3985
2 4154 2847
2 262 1085
2 4764 4345
2 3528 3176
2 2854 404
2 1867 1107
2 4233 2558
2 3194 932
2 1368 222
2 1859 1085
2 1131 4724
2 2953 652
2 1889 3586
2 2109 1996
2 1285 1664
2 2860 1533
2 848 3443
2 684 1112
2 3822 2667
2 3458 2716
2 1164 437
2 1904 3031
2 2958 1431
2 3343 1592
2 1436 3701
2 252 4218
2 2872 4948
2 3975 1342
2 2602 3373
2 3058 1508
2 3383 98
2 450 3942
2 4314 4077
2 4117 3404
2 1943 3335
2 3027 2765
2 1102 2536
2 4542 1430
2 4143 3502
2 1329 1935
2 989 1021
2 801 167
2 2721 2315
2 704 4661
2 4826 370
2 2834 1480
2 1316 241
2 2243 3505
2 2694 1601
2 2177 3045
2 1096 4773
2 763 4801
2 1059 1140
2 2292 116
2 1867 485
2 1798 1485
2 4719 1339
2 268 1020
2 615 3712
2 2954 4990
2 3753 3645
2 2790 1992
2 1126 4466
2 1470 595
2 1394 1378
2 4930 201
2 2593 1423
2 1964 2231
2 3465 4856
2 1728 4229
2 2194 1215
2 3533 3526
2 1833 192
2 592 2938
2 100 1194
2 4071 3884
2 3070 2838
2 804 1988
2 4197 3755
2 402 2869
2 550 4440
2 534 2219
2 3298 4299
2 2080 1408
2 4006 2547
2 2913 4131
2 851 4298
2 266 1867
2 1890 3122
2 3414 4306
2 1306 2841
2 149 962
2 3476 819
2 589 1362
2 4129 1188
2 3747 297
2 4322 1707
2 617 3631
2 2758 3992
2 3127 2263
2 4427 3596
2 1271 410
2 4013 3642
2 2710 4889
2 2174 2153
2 1469 1233
2 1247 1336
2 3409 2947
2 1887 4335
2 4804 4061
2 4603 1909
2 866 2798
2 921 4093
2 2773 3357
2 1948 2404
2 4407 3695
2 1127 4084
2 2395 4646
2 872 1041
2 1539 4974
2 144 996
2 2343 834
2 2439 3053
2 226 2054
2 2456 2942
2 759 755
2 1311 2905
2 3969 3256
2 3906 3985
2 4852 3926
2 2993 3335
2 1894 1725
2 2247 2440
2 4805 4788
2 2342 805
2 3006 2273
2 3321 3997
2 4253 4571
2 1120 32
2 4420 2240
2 323 3209
2 3952 962
2 1067 238
2 3430 4962
2 2901 3768
2 4362 339
2 2722 3735
2 2186 3505
2 1267 802
2 2046 2828
2 3820 4262
2 1148 3273
2 941 2893
2 2922 654
2 4623 1969
2 991 1166
2 3142 1525
2 3864 1205
2 2240 3177
2 4699 34
2 3207 2302
2 852 1140
2 261 909
2 801 2337
2 4172 4561
2 2818 4138
2 4960 1228
2 3847 753
2 3562 2158
2 1330 4133
2 4001 3709
2 3007 2140
2 4557 1867
2 733 1232
2 4396 3941
2 2469 2549
2 2663 4019
2 4883 244
2 4307 3978
2 2914 2564
2 4538 3046
2 2643 4850
2 2964 3017
2 4908 2502
2 3720 471
2 1961 628
2 907 4314
2 367 244
2 1613 3881
2 3368 4079
2 4499 2128
2 1735 3964
2 1542 281
2 1250 2554
2 2758 1780
2 725 1244
2 3511 2227
2 4713 3009
2 1979 1108
2 599 1374
2 3507 4182
2 4400 4373
2 1544 1595
2 2197 3347
2 4899 3048
2 2657 3783
2 448 3584
2 4142 4180
2 1869 1893
2 2195 149
2 1143 1945
2 1360 1323
2 435 3192
2 1251 3077
2 1735 3973
2 1074 4448
2 3450 1001
2 2400 4374
2 3727 997
2 4657 3199
2 353 2401
2 2995 2265
2 3167 1058
2 4815 4291
2 4461 3963
2 923 2870
2 4989 653
2 771 356
2 4725 1219
2 826 816
2 215 3722
2 2539 4079
2 3775 265
2 1452 2431
2 2221 4000
2 265 794
2 920 939
2 945 3551
2 4795 3367
2 3284 2389
2 1791 3746
2 4570 3322
2 2933 3673
2 3338 1656
2 1959 1495
2 1209 3625
2 4062 3341
2 262 4363
2 4617 4611
2 3243 622
2 1129 908
2 902 2855
2 1300 1374
2 4382 26
2 4974 3679
2 1124 3936
2 3679 617
2 2525 3752
2 4951 10
2 3369 2342
2 1975 3053
2 4768 969
2 3779 4154
2 4106 681
2 3399 3339
2 1968 3877
2 276 2094
2 2136 1650
2 728 2901
2 4437 1139
2 3358 2897
2 393 4958
2 4162 3275
2 1719 3234
2 3857 2268
2 781 1931
2 795 3508
2 1753 4281
2 1915 240
2 413 2127
2 4168 2892
2 3481 744
2 3498 611
2 1761 3105
2 954 4241
2 782 3827
2 873 1679
2 308 4860
2 754 727
2 4739 1867
2 4605 3324
2 1373 3999
2 3211 3495
2 1367 643
2 3098 3281
2 832 1700
2 440 3960
2 4376 4241
2 3805 2784
2 3902 3453
2 2812 2912
2 3441 2570
2 2264 3111
2 1708 3793
2 3687 1257
2 4142 2938
2 3738 4232
2 1484 3394
2 1403 4432
2 125 515
2 2817 3713
2 3849 4045
2 3114 2654
2 1878 1659
2 4342 3005
2 1695 1653
2 190 2732
2 1483 1497
2 2575 141
2 4251 685
2 1426 1934
2 247 70
2 778 2149
2 1508 4460
2 3983 1295
2 2522 2399
2 2414 1867
2 3494 543
2 1118 2835
2 3834 3356
2 2670 4265
2 4815 1
2 4859 4379
2 3860 508
2 2514 1832
2 784 3290
2 2685 2892
2 3085 1405
2 983 1836
2 2720 2598
2 4644 4196
2 1121 1364
2 1867 138
2 870 2908
2 436 3530
2 230 628
2 2172 4388
2 4059 1291
2 1462 4933
2 3653 2442
2 379 4889
2 2890 824
2 4076 147
2 968 3624
2 3626 2155
2 3954 3174
2 4053 1913
2 585 1695
2 1988 4105
2 1321 3582
2 43 3618
2 1153 3888
2 350 2511
2 411 108
2 3020 1778
2 1204 4121
2 4542 4348
2 463 1742
2 1282 1696
2 877 1559
2 4768 4746
2 3561 1732
2 4428 266
2 4561 3764
2 4884 4836
2 4903 386
2 89 2459
2 2808 3752
2 3977 4484
2 66 1835
2 1420 2612
2 4174 4393
2 1165 4505
2 4100 1130
2 3182 2517
2 975 1179
2 931 763
2 4783 3708
2 3792 1045
2 3701 4727
2 427 4816
2 4160 3737
2 3674 428
2 4099 4442
2 776 3069
2 3186 4068
2 42 3659
2 1867 1558
2 373 134
2 1629 1737
2 730 1625
2 234 3565
2 2044 526
2 1581 3767
2 31 3288
2 4488 3721
2 3024 2899
2 2998 2270
2 980 158
2 1026 3195
2 3756 4254
2 899 2122
2 2272 4439
2 2045 1410
2 4691 4428
2 4610 1464
2 3794 1857
2 3579 4165
2 798 176
2 3674 708
2 3470 843
2 2171 3812
2 4400 4639
2 2604 2811
2 223 4397
2 2957 1720
2 3907 90
2 4496 4360
2 3236 3677
2 1685 614
2 330 4482
2 2303 2294
2 271 3082
2 3554 3851
2 791 780
2 3308 1181
2 4445 4863
2 1936 258
2 4043 3991
2 3520 4099
2 1867 1555
2 1355 2467
2 1866 2285
2 221 2276
2 2428 4124
2 1779 644
2 2015 641
2 4630 4936
2 1479 930
2 4546 2496
2 4619 3733
2 2672 4324
2 3632 1486
2 3338 620
2 4169 2301
2 3536 3302
2 1867 3977
2 3886 2088
2 2116 737
2 1905 1141
2 1626 2216
2 1594 17
2 1534 1867
2 2557 4176
2 1470 2625
2 1152 3829
2 4186 1303
2 3987 3433
2 4107 3328
2 4842 2681
2 2710 1500
2 314 2595
2 1867 4267
2 507 2871
2 4446 2912
2 3755 4160
2 1882 1797
2 4480 2123
2 4248 3589
2 692 4952
2 1043 4276
2 4200 4661
2 1881 99
2 4632 4881
2 1555 1693
2 1190 4144
2 4401 4802
2 1704 1532
2 3506 2692
2 4320 3157
2 1255 4657
2 2553 3307
2 4102 2940
2 3892 218
2 3199 1843
2 2736 4489
2 1867 4527
2 4189 279
2 1741 3391
2 422 4257
2 414 1628
2 1259 2095
2 4944 1608
2 3359 4726
2 2435 3894
2 1946 4195
2 4821 794
2 3599 4645
2 656 2802
2 2863 705
2 4194 1711
2 2973 1243
2 3001 4187
2 3189 2721
2 1867 2923
2 3527 1867
2 4386 3860
2 3413 4523
2 4219 3968
2 3621 2368
2 3435 2732
2 3337 2887
2 4709 2728
2 2283 1744
2 4967 4092
2 2582 2510
2 2258 3833
2 4293 2403
2 4787 4327
2 351 4477
2 2606 2159
2 2978 534
2 3121 3524
2 2267 3267
2 2945 67
2 4162 2396
2 1843 187
2 860 3808
2 3630 2792
2 2020 4319
2 2229 4656
2 760 613
2 3153 4743
2 1514 4624
2 520 4028
2 1286 2548
2 3072 1517
2 1055 3034
2 1040 610
2 4166 251
2 3021 3019
2 3588 2402
2 189 4105
2 382 4864
2 4438 3141
2 1821 4276
2 1180 4898
2 726 2219
2 1596 1366
2 2649 4788
2 3308 3456
2 1199 1211
2 2960 637
2 3480 3788
2 3115 4712
2 1967 2389
2 1962 362
2 1393 548
2 445 3274
2 2820 645
2 1219 4953
2 2518 2815
2 3068 2439
2 3696 2618
2 1871 2726
2 1947 2193
2 331 3226
2 1248 2839
2 2470 4583
2 4544 2638
2 3519 2271
2 2426 1873
2 4141 2650
2 4247 3449
2 3286 4658
2 2609 1395
2 1951 1750
2 2682 3221
2 2296 2331
2 3030 4583
2 3555 785
2 467 1892
2 502 222
2 127 2247
2 4747 977
2 4563 284
2 4775 29
2 3938 760
2 1375 1203
2 2699 1848
2 1270 2141
2 1955 60
2 635 4723
2 2353 4978
2 4521 3088
2 1703 1867
2 3904 4127
2 1135 3924
2 337 2334
2 1216 2333
2 1343 624
2 551 24
2 371 3912
2 2661 1793
2 4528 4408
2 3130 1115
2 808 527
2 4488 2023
2 368 1628
2 797 1712
2 2936 728
2 4431 769
2 170 1344
2 2779 3560
2 3951 2382
2 3798 1263
2 2504 2735
2 1391 4564
2 3945 770
2 4872 3026
2 4743 4021
2 2381 3802
2 56 3176
2 4885 1585
2 1871 3770
2 2636 62
2 4734 1873
2 2300 1552
2 4133 818
2 3196 510
2 1969 3556
2 2450 1808
2 4291 1280
2 1899 2812
2 1002 2964
2 4918 1867
2 1814 2624
2 102 4420
2 2077 86
2 3107 1353
2 3970 4861
2 4175 2805
2 2177 2392
2 4625 1501
2 4414 207
2 955 639
2 688 2332
2 1974 2141
2 683 1289
2 4327 3370
2 325 3898
2 845 1167
2 3559 640
2 4423 2166
2 1213 830
2 1661 4969
2 4900 2520
2 1691 254
2 1615 893
2 4164 1054
2 2777 2852
2 2307 2891
2 1377 1192
2 4002 4670
2 748 1722
2 4308 1032
2 706 1494
2 1146 1228
2 2383 581
2 4015 4836
2 1963 1337
2 1363 394
2 3665 1662
2 4123 4095
2 3138 3937
2 659 566
2 2089 2457
2 3689 841
2 747 4192
2 3787 192
2 4451 1557
2 4053 1514
2 3813 2165
2 1544 4230
2 713 4861
2 4387 2289
2 1576 4988
2 4066 4301
2 1847 4220
2 175 2647
2 4235 4101
2 3956 1867
2 2697 870
2 609 2422
2 1195 616
2 93 3
2 4224 4238
2 4795 2275
2 4663 4508
2 4833 1660
2 1225 1906
2 716 539
2 3155 2429
2 2521 1520
2 4269 446
2 1521 3816
2 892 291
2 1173 4801
2 2647 46
2 1788 2175
2 1538 4205
2 2178 902
2 2164 4410
2 4244 239
2 4283 715
2 3152 92
2 2780 4514
2 3682 4959
2 1782 533
2 308 3041
2 641 2845
2 2481 21
2 827 4924
2 2366 3146
2 3959 3880
2 2178 3915
2 4777 1718
2 3327 1433
2 511 2951
2 159 3333
2 292 3989
2 3655 972
2 3930 1292
2 3615 3660
2 565 627
2 1755 3092
2 3692 2341
2 3813 4135
2 2035 3663
2 2050 2048
2 482 1464
2 4357 1867
2 876 860
2 124 4532
2 47 2482
2 4240 3386
2 1947 438
2 1348 1522
2 4980 2955
2 1913 1801
2 2994 1941
2 3244 982
2 597 2118
2 2122 2249
2 1935 775
2 3840 1635
2 3169 4030
2 2182 980
2 982 3784
2 509 1867
2 4030 3465
2 3808 587
2 4727 3670
2 398 4923
2 4556 1376
2 937 2884
2 1505 1162
2 3988 3702
2 101 4928
2 2454 3521
2 3099 1867
2 4392 1032
2 4826 3151
2 2921 926
2 4977 2848
2 1220 2087
2 1999 4149
2 915 4006
2 1234 3484
2 2108 1825
2 301 1585
2 3825 1073
2 2678 4919
2 2228 1621
2 4204 1157
2 1664 2206
2 3629 3294
2 3125 4527
2 3357 2466
2 3918 1102
2 2563 1667
2 2659 3669
2 4532 788
2 3170 161
2 2868 3235
2 3574 2786
2 3910 2441
2 1719 1392
2 1830 4911
2 2474 3031
2 3124 4440
2 4085 4632
2 1790 1384
2 1632 2335
2 4851 3966
2 2685 3091
2 4828 1372
2 2338 4200
2 489 4638
2 389 2060
2 2328 1291
2 4548 3060
2 248 1942
2 1867 1309
2 2802 3131
2 2962 2499
2 4492 4547
2 426 1754
2 2265 2471
2 866 4328
2 3 4071
2 1504 2484
2 3843 2692
2 1807 4501
2 1182 409
2 1165 2020
2 1661 2476
2 2625 3852
2 3343 3354
2 3309 4942
2 1659 3968
2 2489 1297
2 1435 2251
2 461 1332
2 1820 2778
2 302 3604
2 2066 1529
2 4705 3056
2 3451 4967
2 3763 3090
2 970 3668
2 1117 3677
2 2210 3395
2 1305 3567
2 647 2369
2 3117 1535
2 3374 4088
2 1421 4285
2 3443 506
2 4991 2086
2 2599 3178
2 3344 522
2 693 2297
2 2181 1867
2 2033 351
2 1826 3975
2 2986 4581
2 1301 3436
2 1688 2346
2 3422 3365
2 4444 4689
2 480 2658
2 3416 1078
2 2018 3530
2 319 3765
2 3650 4468
2 2527 783
2 1504 2875
2 4522 2276
2 1732 561
2 3666 3208
2 3002 598
2 1245 3297
2 3149 3772
2 2567 4150
2 2311 3636
2 3087 4636
2 1807 1710
2 3517 1207
2 2723 1907
2 4859 3496
2 3094 4059
2 4800 3134
2 2252 2154
2 493 497
2 2133 3668
2 4874 4539
2 4152 1499
2 4852 578
2 1718 4113
2 2605 410
2 3694 221
2 4063 3957
2 3482 2816
2 4533 912
2 774 715
2 2512 4509
2 84 4356
2 2158 2472
2 1950 3965
2 2906 2856
2 3242 3891
2 4694 314
2 1001 4721
2 732 4042
2 4762 4095
2 2354 950
2 4649 4582
2 4575 3739
2 562 2870
2 1359 4684
2 193 4122
2 3154 3537
2 4862 143
2 1811 1214
2 710 1480
2 4525 2508
2 499 796
2 4379 4662
2 3705 2266
2 2145 2355
2 3293 1942
2 818 3614
2 655 1707
2 3967 1963
2 4706 3976
2 347 1867
2 934 654
2 2374 1145
2 2763 1767
2 3216 3858
2 1640 3714
2 1170 3987
2 2748 821
2 324 2750
2 1007 4112
2 1399 474
2 1053 3525
2 63 1059
2 136 3252
2 850 3719
2 3484 2398
2 3799 3011
2 679 3765
2 3946 3647
2 1236 942
2 2026 4827
2 4803 3491
2 1095 1577
2 3437 3994
2 1646 3539
2 3543 1008
2 2722 4813
2 1151 3845
2 2894 235
2 3780 4630
2 2619 3108
2 3248 2297
2 1260 4533
2 3537 1748
2 1159 2756
2 944 205
2 1265 1449
2 3254 4964
2 4372 1775
2 3331 4610
2 979 3012
2 4465 227
2 162 4905
2 235 3558
2 2798 1815
2 3306 3362
2 2907 333
2 400 2806
2 4927 988
2 2837 4193
2 975 1765
2 4161 704
2 3208 3643
2 1419 2455
2 2448 2191
2 3061 1827
2 2799 946
2 1853 1785
2 3504 2595
2 2391 1779
2 1939 4907
2 4841 770
2 2818 2522
2 2463 2316
2 3255 2984
2 2694 648
2 4674 4074
2 4901 3321
2 229 1867
2 2874 4597
2 2700 577
2 2517 966
2 3983 2143
2 3723 1097
2 2394 45
2 2248 3431
2 1630 1879
2 2425 3406
2 4587 586
2 3346 627
2 4517 424
2 4506 3717
2 1189 1726
2 4023 1567
2 1200 4447
2 2963 758
2 2617 1867
2 3816 401
2 1105 4814
2 4894 2064
2 9 3697
2 4837 1920
2 4686 545
2 1568 3728
2 2719 1196
2 2954 2996
2 164 4190
2 638 3725
2 4823 4062
2 363 2348
2 2669 3226
2 1867 1729
2 1338 3772
2 146 3277
2 572 2716
2 926 3216
2 1849 3803
2 4056 3724
2 3810 945
2 3337 2488
2 3952 2967
2 513 1867
2 1455 3217
2 894 2299
2 1613 63
2 1178 4785
2 4949 1985
2 4025 1110
2 3899 339
2 1960 4228
2 3890 3951
2 195 1940
2 4110 1901
2 2090 752
2 2603 3500
2 1673 4528
2 3094 4848
2 3783 2714
2 4405 4012
2 1529 952
2 264 3807
2 2217 2235
2 3268 1599
2 1892 1970
2 3786 734
2 3572 80
2 4111 1201
2 1867 2160
2 3478 4113
2 2099 1218
2 1994 3804
2 2585 3197
2 3097 3693
2 799 3332
2 3897 219
2 3974 3495
2 1148 2920
2 2677 3087
2 3626 1856
2 115 4793
2 2053 1825
2 1609 2217
2 4571 3375
2 2445 2034
2 3049 2327
2 2239 4873
2 3743 1866
2 3575 2672
2 2107 1828
2 3542 1674
2 1368 4878
2 3714 3898
2 1841 4484
2 2613 1290
2 492 703
2 4380 3986
2 4346 84
2 1205 4744
2 92 1908
2 2472 4618
2 4037 1381
2 893 1687
2 2421 4568
2 3791 1921
2 3641 4668
2 133 1285
2 5 79
2 1013 2972
2 1916 4712
2 1390 3014
2 4070 1640
2 1948 2300
2 558 4290
2 4987 112
2 4254 1092
2 2940 4540
2 4606 2404
2 3141 1239
2 2452 563
2 4598 3767
2 4482 2123
2 4390 4009
2 2555 4751
2 2039 403
2 213 4023
2 1083 3838
2 2494 3680
2 3252 2350
2 662 3913
2 3948 3566
2 2884 3019
2 747 1989
2 4753 3792
2 1279 1453
2 559 4550
2 2290 3731
2 3261 4315
2 4724 601
2 1548 3577
2 4771 3866
2 1852 4682
2 1540 665
2 4108 76
2 2903 483
2 3497 837
2 3247 1488
2 328 846
2 1730 4212
2 1724 3628
2 2161 3196
2 1324 973
2 7 3284
2 1895 210
2 2485 1527
2 120 3204
2 372 4763
2 2465 366
2 3546 3440
2 4320 2857
2 4921 2676
2 2923 2904
2 914 625
2 1987 1937
2 2992 4054
2 3497 49
2 3319 3888
2 3764 14
2 3311 2224
2 2415 1445
2 1083 2696
2 3260 789
2 3893 4181
2 1790 2741
2 3315 64
2 4029 4339
2 1245 3456
2 3867 2235
2 1229 2659
2 2590 1379
2 3022 1764
2 469 4598
2 1595 1128
2 1381 2378
2 3891 3195
2 1136 2767
2 174 2246
2 82 2507
2 1976 998
2 823 3014
2 4781 2096
2 1468 3285
2 800 20
2 3583 1386
2 542 434
2 2052 3944
2 4789 3225
2 4395 4554
2 2919 3405
2 3395 3307
2 2594 2336
2 984 549
2 2084 88
2 1175 2882
2 2845 3575
2 1850 1047
2 2745 2101
2 4807 2225
2 4475 261
2 2999 1382
2 2809 4576
2 4507 4193
2 2708 836
2 856 3563
2 1890 193
2 391 1867
2 3092 2352
2 3262 1615
2 3923 934
2 1179 3532
2 2039 4586
2 4808 3444
2 2620 2043
2 672 621
2 1858 1377
2 1734 2037
2 2447 4818
2 3870 4898
2 3582 3246
2 2365 3741
2 1272 275
2 2067 324
2 137 1249
2 4567 1887
2 1565 4040
2 2789 2412
2 4064 4103
2 3795 4449
2 1003 2159
2 4047 1051
2 397 4066
2 1057 4540
2 964 2213
2 1966 2875
2 2591 3776
2 669 1633
2 2702 1684
2 1191 1749
2 4027 4735
2 4866 2480
2 3823 4234
2 4019 1371
2 4363 2822
2 2653 1158
2 1193 3738
2 1867 1597
2 1867 2581
2 3591 1066
2 3686 3984
2 4818 603
2 3288 4101
2 1815 4389
2 77 3104
2 1451 3982
2 4600 4503
2 2002 3695
2 3895 4263
2 3093 4838
2 1954 3610
2 1867 174
2 18 3075
2 4331 521
2 3822 263
2 3444 3139
2 2796 1435
2 1493 1856
2 3132 1530
2 129 57
2 166 113
2 4833 540
2 1617 3071
2 4652 1757
2 4127 930
2 3513 2373
2 356 3106
2 2931 2479
2 3994 1420
2 587 1739
2 3609 1288
2 2313 3834
2 3814 2037
2 2553 1319
2 3715 331
2 82 2842
2 887 1867
2 2725 3590
2 3378 1870
2 460 1416
2 4282 2171
2 65 3795
2 4033 199
2 4987 1627
2 1063 122
2 1981 1867
2 3241 1649
2 4139 724
2 1612 342
2 1709 3161
2 345 2478
2 4978 3704
2 4882 3734
2 4406 3421
2 3340 380
2 642 4668
2 2804 3529
2 277 3917
2 4941 1006
2 4977 1582
2 1216 4296
2 1537 890
2 4464 2252
2 1033 4963
2 782 1874
2 4139 1545
2 4385 2612
2 4305 2007
2 2414 3770
2 1172 576
2 198 3434
2 3386 2208
2 1676 2560
2 4577 2283
2 2469 269
2 887 1823
2 821 936
2 4718 4986
2 4887 3237
2 3788 2453
2 326 340
2 2041 1897
2 2537 594
2 2910 3819
2 700 1202
2 2521 916
2 22 3824
2 1888 2506
2 2843 3240
2 510 563
2 3123 2842
2 822 3251
2 4252 4288
2 135 4708
2 4084 4502
2 2515 4305
2 2299 349
2 179 2959
2 1971 1008
2 1279 3690
2 4707 3900
2 4085 2407
2 1867 204
2 1267 4352
2 1691 3742
2 3667 4806
2 1299 1169
2 3217 721
2 113 212
2 2302 3776
2 2292 1867
2 3086 2376
2 4896 310
2 2229 4614
2 1232 4687
2 1433 2725
2 2648 3836
2 4155 1915
2 1586 4383
2 2623 781
2 3855 2421
2 3549 4087
2 390 4913
2 1867 2306
2 646 3809
2 580 777
2 4299 586
2 3605 3283
2 66 4073
2 74 4329
2 2220 1366
2 3107 1498
2 1265 2448
2 3037 4607
2 4194 4490
2 2016 1954
2 565 880
2 3966 4993
2 457 4494
2 825 2257
2 3617 3969
2 4552 2519
2 205 3866
2 3995 1005
2 3757 4199
2 3239 4452
2 86 4926
2 1021 708
2 878 1699
2 1960 2126
2 2969 4629
2 2405 433
2 3584 4687
2 4751 1620
2 4921 3570
2 2947 694
2 1503 1012
2 4112 4279
2 940 530
2 920 4849
2 1339 1723
2 4097 810
2 3349 1823
2 2664 4615
2 1867 2992
2 4876 1833
2 283 1411
2 1560 702
2 1549 2662
2 990 2191
2 2669 580
2 1060 946
2 3035 4549
2 1295 4351
2 4875 3947
2 3392 1052
2 4938 3448
2 4480 4531
2 376 1630
2 3123 3317
2 4251 4008
2 1237 1926
2 4711 226
2 1209 1846
2 3612 1763
2 3775 4220
2 4032 1139
2 2821 4188
2 1867 1803
2 2202 2896
2 3785 1150
2 3405 395
2 45 1432
2 4279 1972
2 3342 4269
2 1806 670
2 4450 2117
2 1698 4256
2 3472 3003
2 3200 1693
2 4719 1776
2 4137 2925
2 3350 2226
2 507 4106
2 3254 3929
2 1261 2949
2 574 4110
2 3511 4577
2 4521 3598
2 3242 4205
2 1524 2117
2 1737 4746
2 4387 4431
2 4822 761
2 21 4427
2 1639 3048
2 405 1701
2 1572 3996
2 3100 541
2 4518 3937
2 3131 1979
2 2224 259
2 421 4749
2 1003 636
2 1390 3835
2 2323 4498
2 1029 1827
2 1194 635
2 943 4963
2 1187 3608
2 4884 4005
2 3096 1386
2 1447 2010
2 4260 4947
2 2821 4228
2 1477 213
2 2435 697
2 4962 1335
2 883 1923
2 901 1786
2 2282 1714
2 2839 4255
2 2192 4629
2 1091 884
2 1000 2589
2 2580 2035
2 3238 4231
2 4857 2261
2 814 3040
2 139 3750
2 470 3964
2 4643 700
2 3868 1170
2 4412 833
2 4596 87
2 671 4858
2 2391 1042
2 453 4669
2 4586 1087
2 1867 3748
2 329 3835
2 48 3475
2 4037 512
2 2769 296
2 3832 3852
2 3557 838
2 2629 3231
2 4847 492
2 285 4438
2 91 425
2 4287 1867
2 3360 2267
2 1213 1655
2 604 3378
2 1138 3606
2 2780 2002
2 3437 98
2 4391 4411
2 1353 3771
2 3859 4475
2 2361 2561
2 2616 1583
2 478 1861
2 208 3824
2 2340 1174
2 3166 1624
2 1709 879
2 1570 1560
2 4562 3939
2 1169 2361
2 1251 385
2 618 4715
2 3476 428
2 4515 1362
2 4020 2329
2 1413 228
2 3998 1867
2 4458 3282
2 3235 37
2 4140 2055
2 1876 3920
2 3758 1846
2 1923 3980
2 2004 2401
2 1040 3408
2 51 3735
2 3185 1571
2 933 1867
2 864 2759
2 3540 557
2 4840 2271
2 835 603
2 1682 4386
2 4303 4035
2 1791 2326
2 3194 2565
2 154 3447
2 4943 2187
2 4146 1028
2 1867 857
2 3212 1838
2 3383 3265
2 4068 872
2 3516 2032
2 2092 1867
2 300 391
2 3821 3389
2 4548 4334
2 57 2234
2 1206 1011
2 3278 915
2 2656 1091
2 2800 1867
2 3136 3644
2 4046 875
2 268 1262
2 1443 2164
2 3132 2544
2 4972 2573
2 4358 3552
2 164 4152
2 4498 1337
2 2103 2885
2 4302 2690
2 927 4865
2 447 3842
2 4716 1822
2 3116 4590
2 1902 4822
2 4122 2881
2 787 4748
2 128 3649
2 2198 2352
2 762 1426
2 2333 2254
2 4191 1174
2 891 3678
2 4793 3280
2 1674 1818
2 2253 4202
2 4096 3399
2 4835 3889
2 4356 4047
2 1686 3930
2 1471 3933
2 4926 422
2 1151 3427
2 4754 1473
2 789 2528
2 348 582
2 4310 2622
2 1795 4652
2 4640 447
2 593 2888
2 1918 119
2 3831 971
2 3887 2879
2 964 4288
2 1867 688
2 2145 4594
2 1018 2604
2 2354 4669
2 4497 2289
2 1523 1686
2 3213 4052
2 4524 695
2 2346 1867
2 4516 4433
2 2259 4115
2 1708 1582
2 1745 4941
2 2538 853
2 484 3181
2 2073 211
2 3385 452
2 981 3167
2 3461 616
2 4745 4567
2 1743 3023
2 3869 2484
2 2770 1370
2 524 4685
2 674 3950
2 2505 4202
2 4790 1318
2 4345 2330
2 3914 561
2 3652 2746
2 3127 546
2 4067 2319
2 2459 532
2 3698 2861
2 4246 1321
2 664 4119
2 355 2208
2 960 949
2 4633 4981
2 4408 3188
2 2186 2315
2 2724 2059
2 4072 2339
2 1118 1196
2 3760 3210
2 3073 2018
2 4446 2807
2 2065 1009
2 1086 22
2 524 4970
2 2295 227
2 2400 2385
2 4702 4523
2 1867 4061
2 3639 3718
2 3583 1429
2 3064 2027
2 750 4281
2 4474 4227
2 4619 44
2 1662 714
2 2343 4666
2 848 3636
2 675 1644
2 320 3287
2 3856 2437
2 1618 3749
2 37 3666
2 3325 3200
2 1828 96
2 3916 1404
2 3351 4605
2 4471 2749
2 1725 719
2 4648 3578
2 3316 1579
2 4971 2356
2 4008 3295
2 2225 2776
2 1425 1234
2 4949 325
2 3122 3080
2 2026 429
2 4895 4496
2 1411 1281
2 4280 994
2 2541 1867
2 986 4214
2 4867 4584
2 4424 1602
2 680 3027
2 4292 3602
2 2308 1068
2 3144 2231
2 2375 2873
2 3639 313
2 1928 3529
2 4717 2711
2 3241 353
2 1655 1840
2 3011 2457
2 4574 4876
2 1798 2965
2 2762 4695
2 1600 600
2 1641 4442
2 304 2104
2 2815 366
2 1533 224
2 3148 829
2 2568 2330
3 2624 481 1867
2 14 514
2 2138 4759
2 2593 633
2 4501 4460
2 459 1409
2 4026 1867
2 1132 3183
2 951 895
2 885 1692
2 3618 1570
2 1018 4044
2 4289 256
2 1036 979
2 3578 2163
2 1082 2325
2 3253 8
2 4736 3054
2 1867 634
2 3271 1928
2 1255 3899
2 2592 3481
2 1677 1061
2 3471 2549
2 3904 815
2 3212 3730
2 3250 2558
2 1682 278
2 2282 2097
2 194 996
2 2503 4413
2 832 1571
2 2897 4692
2 4731 3533
2 609 1150
2 451 1268
2 2980 1573
2 3519 1473
2 3119 3849
2 1945 1949
2 2702 1119
2 3134 1270
2 4823 3658
2 1292 3826
2 4199 2316
2 3227 1445
2 466 3541
2 1537 216
2 668 2843
2 1984 963
2 2753 3222
2 4126 3726
2 1112 1665
2 1851 726
2 2323 624
2 1886 4522
2 4472 2691
2 300 1064
2 1775 705
2 1554 370
2 3927 2341
2 3260 1334
2 1498 3539
2 2906 3811
2 2995 1072
2 3006 1222
2 2393 3877
2 1506 4750
2 360 3310
2 1978 3163
2 4770 2597
2 1746 286
2 1772 1015
2 2890 2591
2 2362 4696
2 3798 2477
2 3289 3613
2 3223 630
2 40 2737
2 3882 2879
2 4804 4805
2 4674 4057
2 3946 3325
2 4877 2711
2 1802 178
2 2523 2587
2 3438 1588
2 361 3872
2 1951 2649
2 3865 4295
2 127 3275
2 3740 4983
2 1536 1583
2 362 4163
2 1382 602
2 3485 4237
2 2684 2847
2 1264 1884
2 3549 1658
2 2429 3354
2 602 1493
2 2968 1352
2 3848 1260
2 2929 2351
2 3434 11
2 2284 3842
2 2432 2377
2 4273 4956
2 4250 1824
2 19 217
2 938 1536
2 4720 117
2 3800 4899
2 3401 3346
2 3285 3081
2 3917 287
2 4634 1918
2 1998 1357
2 3564 4753
2 2483 778
2 4173 1809
2 3390 1912
2 117 4640
2 2196 764
2 1562 3921
2 2639 2941
2 1867 4573
2 2791 1549
2 1467 1182
2 2634 2135
2 2856 2974
2 2335 4799
2 1222 200
2 1891 4580
2 632 4132
2 1990 712
2 592 1925
2 2883 4350
2 854 1383
2 1766 2204
2 2601 791
2 2887 3025
2 3875 2321
2 4776 4677
2 3035 1867
2 1867 3649
2 1173 2965
2 3025 582
2 4588 38
2 4349 2795
2 1081 1694
2 783 1084
2 454 3050
2 1154 137
2 4236 2733
2 4126 2388
2 4508 2820
2 1739 1649
2 1675 312
2 644 4745
2 523 1867
2 3279 1348
2 3039 1834
2 1317 4902
2 4707 1223
2 1938 2946
2 4770 4287
2 2392 1482
2 2169 4680
2 1795 2747
2 1614 389
2 1175 2213
2 4633 4402
2 2390 341
2 4975 1370
2 2440 1422
2 2347 3318
2 3249 4227
2 3905 1953
2 608 3573
2 155 2574
2 4696 71
2 358 558
2 4985 4672
2 203 444
2 2602 4026
2 1360 4001
2 4639 4628
2 3999 1596
2 1636 2101
2 3948 1460
2 1914 2926
2 2041 2950
2 1413 1956
2 967 1578
2 379 1580
2 1495 3538
2 2734 3905
2 1134 4454
2 4511 1240
2 1334 2977
2 1946 3637
2 2184 1622
2 2259 383
2 231 1652
2 4870 1789
2 4505 4300
2 1668 858
2 4893 2914
2 4244 977
2 774 2864
2 304 181
2 4507 1867
2 2509 2560
2 3784 3895
2 3609 681
2 2419 4
2 4831 529
2 607 3591
2 4739 378
2 2255 3364
2 4354 1851
2 1848 4469
2 1092 4515
2 1143 3313
2 3669 3733
2 1371 1045
2 279 1867
2 2534 2753
2 2924 2017
2 4192 3934
2 3826 3379
2 4673 3334
2 2068 3342
2 3474 4049
2 1312 3489
2 3918 4837
2 4179 2232
2 3095 2619
2 3988 2295
2 3577 3943
2 122 1459
2 4734 1481
2 4184 175
2 3370 4948
2 2007 4470
2 4323 713
2 4943 4600
2 3441 2050
2 1223 336
2 2754 1446
2 369 2924
2 3862 3425
2 3748 2524
2 1785 4380
2 1428 3475
2 4297 2322
2 4331 2985
2 3397 1777
2 523 2670
2 1669 2274
2 2793 4702
2 2680 2124
2 3003 446
2 168 678
2 958 1304
2 884 2748
2 825 3156
2 103 2971
2 180 2069
2 4140 957
2 1973 4855
2 110 1626
2 4313 1414
2 1566 547
2 2380 4297
2 4914 3527
2 2616 3039
2 4723 3147
2 4137 4014
2 4102 1055
2 114 352
2 3854 591
2 3228 1559
2 2627 365
2 2888 4210
2 819 4514
2 2490 1319
2 1973 2490
2 2399 3957
2 4769 50
2 4015 1039
2 1610 1603
2 3912 1404
2 1543 2583
2 1564 4782
2 142 2932
2 1038 3778
2 296 3423
2 1968 4476
2 3523 2575
2 2418 4384
2 3650 1274
2 1619 3693
2 3710 4185
2 3426 1531
2 3715 2154
2 528 1792
2 3814 4124
2 3083 931
2 4361 185
2 1407 231
2 2476 2633
2 859 3990
2 3557 1256
2 1406 2673
2 995 2952
2 13 3138
2 2452 1768
2 3219 1633
2 999 1730
2 1867 2835
2 874 3052
2 4530 517
2 105 4260
2 2387 3231
2 1235 909
2 4825 3209
2 4175 3184
2 605 3365
2 2827 667
2 3356 777
2 2788 3603
2 3634 807
2 3225 1103
2 2312 372
2 1393 1638
2 2473 2999
2 765 2237
2 2961 4235
2 1751 4559
2 2081 3130
2 128 2481
2 4891 4266
2 3067 2336
2 1226 1698
2 115 3188
2 2451 3619
2 4178 4270
2 1845 1796
2 4222 4750
2 3580 3101
2 3411 307
2 2586 25
2 3885 1867
2 4375 969
2 1116 1114
2 1867 963
2 3672 3867
2 3762 1064
2 1489 2082
2 2576 4589
2 3566 4742
2 1867 4453
2 287 2095
2 4752 1748
2 177 4098
2 3219 2412
2 4119 23
2 2873 4003
2 901 1030
2 3282 1867
2 343 3548
2 1487 3821
2 883 3615
2 2493 2614
2 2046 130
2 1589 3653
2 680 2498
2 1642 1867
2 3270 4922
2 4618 153
2 363 1761
2 439 3620
2 1180 2691
2 4520 2831
2 2632 3299
2 3139 4258
2 4681 4128
2 2698 988
2 381 2363
2 4909 3689
2 942 1214
2 1111 4846
2 183 432
2 4777 855
2 1789 4359
2 241 597
2 172 722
2 1110 518
2 4825 4060
2 795 1502
2 3044 4952
2 3374 4382
2 1575 3574
2 4315 4195
2 721 3828
2 1439 3263
2 631 2483
2 83 4478
2 3664 3501
2 97 756
2 1026 2939
2 698 4258
2 4333 1385
2 2337 125
2 2989 2709
2 357 4854
2 3707 3232
2 3401 4759
2 3950 2244
2 2176 4123
2 4665 1349
2 3058 1101
2 214 4318
2 3817 520
2 4877 1663
2 3611 3830
2 2380 3980
2 327 1867
2 2697 2010
2 3409 1703
2 2853 4487
2 1271 3015
2 3446 577
2 413 1308
2 2379 2173
2 3686 4377
2 808 1900
2 3172 2580
2 1168 271
2 2238 293
2 68 4649
2 2273 2115
2 3427 53
2 4403 4969
2 531 3160
2 3184 3157
2 4534 2523
2 4364 1731
2 2089 1874
2 820 1769
2 1839 3831
2 1342 867
2 1690 4799
2 2797 567
2 1867 851
2 2783 4042
2 1333 315
2 4145 2293
2 2080 4051
2 2763 1230
2 2502 2949
2 1867 4499
2 4634 2326
2 1037 4708
2 3331 1762
2 4667 420
2 2388 1867
2 3637 857
2 657 1880
2 3745 2876
2 2134 4004
2 2359 3368
2 4808 1917
2 4985 3297
2 2427 4789
2 998 1573
2 1867 3002
2 1991 1046
2 2464 1867
2 4393 3264
2 540 2889
2 2156 236
