100
132
1000
7
111111111111111110
775876485683637956
267243102569085969
617
113355556667777770
123355667834567889
1111110145
492067109578175091
176064962705840485
126760675161052634
22333333445560351
2199999999
6122566679
17
233556011344567788
127454246243744081
999999999999999999
122333444556778829
61112244678998
5591357
1244688
65999999999999999
1111102
1000000000000000000
3222245690
66
61113333334457888
11110489763453
1167889903
1327984
61112222335679000
164454259213144449
277807467402789303
6445579
87
12445591135778
927983171552829195
311222346667778999
562608081655125674
415508301405422054
721644286397233191
416
12333000223455689
1
1246645548
12222233333313
814251355924267508
15
1111014
20012345567778
234545555788889999
792893284776601206
6
11111111111111110
21122445777888998
7114567
6246653
895420674911314627
474822300824312637
350999907484892070
411222233344567790
21223444456800
72234445566699
662381532706992279
83
1108073716
38667777888999999
705
12333334666660
146496630153737445
501555691021122226
219999999999999999
739407770465678664
285556677778889999
1224453
62222234555666789
837152525261504142
680518067296520302
1223333278
568005235944580010
5499999
436416093879716149
3234568899
211122333334445669
713444445556678887
989
110
11222333344444406
700
8122445788
45511123366889
427141597343469819
1111333450
45008156677144
11233455666788121
469450222381630699
65999999999999
