100
4 2
5 2
6 2
1000 1000
1000 1
2 2
369411095534917268 316515602900453921
999999999999999999 499999999999999998
396144316744822372 331560422496814649
999999999999999999 128
999999999999999999 282320321981745432
500000000000000000 249999999999999999
1000000000000000000 1
999999999999999999 499999999999999999
553079224894848355 461382504800677989
999999999999999999 2
830781665427759332 668711699110609704
999999999999999999 429510621428394215
500000000000000000 250000000000000000
500000000000000000 1
633204865157266557 478399433316720823
1000000000000000000 127
4 1
1000000000000000000 1000000000000000000
854520008227627652 641378543350627598
670859690058517554 541287831205082287
500000000000000000 288230376151711744
999999999999999999 370718293365079844
613317909341934314 466749996300973665
817951060259342638 626057247141746899
530266457796486022 431933959801335693
999999999999999999 499999999999999997
958931061642644598 915280973575672876
3 2
500000000000000000 211769623848288256
859670290397528539 656939444477667577
835892529185424019 740783938614924732
430584643697448594 336783089879728472
1000000000000000000 423539247696576513
424935262253008129 391647646297817154
999999999999999999 576460752303423487
1000000000000000000 128
1000000000000000000 454036339328320422
1000000000000000000 576460752303423487
1 1
500000000000000000 2
500000000000000000 144115188075855871
914654882273635226 708385893778698475
999999999999999999 576460752303423488
1000000000000000000 288230376151711744
1000000000000000000 423539247696576512
500000000000000000 500000000000000000
999999999999999999 288230376151711744
999999999999999999 423539247696576511
371755529859450084 368077157184937388
804780837075415648 746208343860554478
500000000000000000 288230376151711743
999999999999999999 1
2 1
1000000000000000000 500000000000000000
1000000000000000000 499999999999999998
883632486180266126 762110430894812343
834475426176758628 654985490089946288
355550808168558514 279786183875594929
1000000000000000000 576460752303423488
999999999999999999 423539247696576512
999999999999999999 999999999999999999
1000000000000000000 279687182538287325
263796799202789212 208146130657291036
999999999999999999 127
345951059342844251 336891394672576800
500000000000000000 144115188075855872
413515044220802829 389573123344550859
5 1
484216424374092111 407650225714029932
875444008586609908 836813911980332387
500000000000000000 269789682316012993
781625903613425803 647063472336975545
1000000000000000000 2
1000000000000000000 999999999999999999
3 1
1000000000000000000 373890588069734065
489557259566670353 429881674774260570
500000000000000000 499999999999999999
999999999999999999 999999999999999998
500000000000000000 140180850323372353
1000000000000000000 288230376151711743
1000000000000000000 499999999999999999
500000000000000000 127
442668105426706460 373215053369141211
999999999999999999 288230376151711743
291283573102326563 238926171098797725
969009946638549623 889405999931536142
500000000000000000 184681285344067862
701774540152581309 632445892458234483
500000000000000000 211769623848288257
582317176947665129 551367639855373254
500000000000000000 128
500000000000000000 249999999999999998
302032134603391394 281310816414602588
