100
4 2
5 2
6 2
1000 1000
1000 1
2 1
500000 250000
899153 793722
500000 128
658968 499949
999999 499997
999999 262144
500000 237856
1000000 499998
999999 524287
500000 499999
999999 128
1000000 512991
500000 127
1000000 262143
771038 636700
507832 440983
842437 747825
327597 315830
624693 566018
1000000 499999
609679 464464
267590 236512
646722 617121
1000000 1
999999 999998
999999 489883
999999 2
298562 256272
500000 131071
5 1
999999 475712
999999 524288
2 2
3 1
1000000 500000
3 2
500000 131072
343137 337116
500000 500000
999999 499999
414830 357940
436996 352054
956719 866694
999999 999999
636238 631961
877331 784009
999999 1
677194 527363
500000 262143
500000 151915
1000000 262144
944912 885328
692160 626284
1000000 128
776846 624034
1000000 1000000
611544 467241
962816 924110
997637 773670
420680 369305
1000000 999999
1000000 475712
999999 297484
608890 576062
500000 239702
933477 839090
1000000 475713
1000000 524287
819251 679530
999999 499998
802182 726533
541960 491283
496871 395605
1 1
4 1
491861 432937
795310 794036
500000 249998
1000000 127
999999 262143
999999 127
999999 475711
500000 1
341369 262356
500000 2
1000000 439454
1000000 524288
324508 281435
1000000 2
500000 262144
500000 249999
793192 644386
983687 829459
500000 237857
