100
4 2
5 2
6 2
1000 1000
1000 1
871 770
999 1
500 110
992 840
649 574
1000 506
716 700
600 521
999 2
1 1
1000 256
999 495
285 236
639 534
335 259
694 646
1000 128
999 255
1000 255
808 797
2 1
500 500
944 879
326 324
715 580
976 761
999 488
500 1
500 250
573 538
436 418
528 412
717 643
500 245
500 151
500 117
889 783
500 499
500 127
500 246
1000 498
416 370
409 401
1000 489
1000 999
999 998
500 128
1000 500
860 796
500 248
999 497
661 512
388 382
2 2
999 511
999 487
500 244
1000 449
305 265
476 444
999 256
500 255
679 678
999 499
587 487
500 116
646 564
835 673
5 1
999 128
275 239
999 498
487 367
603 538
1000 127
1000 499
999 127
3 2
4 1
1000 512
500 256
291 275
876 809
500 249
3 1
999 999
1000 511
632 508
715 628
1000 2
999 295
712 545
999 512
1000 488
500 2
