100
4 3
4 5 6 4
4 2
4 5 6 4
3 3
1 1 1
16 4
15 31 81 47 33 25 87 59 41 27 1 5 3 61 59 69
1 3
83
100 4
90 51 2 81 75 56 78 9 32 94 68 32 3 87 49 61 19 75 93 19 2 73 90 7 34 93 66 7 59 69 92 17 50 77 56 50 14 43 36 83 37 13 13 79 89 4 42 47 61 26 54 72 21 9 88 7 84 51 68 26 48 54 64 68 67 50 97 76 55 31 81 17 97 52 7 52 26 14 76 16 48 80 87 76 14 22 75 66 95 32 70 97 19 22 87 70 53 8 53 81
20 4
25 11 73 11 45 67 83 36 35 59 41 35 7 43 29 9 9 11 46 39
24 4
56 82 26 69 64 76 65 83 49 97 17 28 95 79 81 96 19 21 57 50 43 77 90 21
11 4
91 23 31 57 33 55 37 73 65 88 27
18 4
41 63 51 5 95 29 3 59 9 9 75 1 85 74 71 9 63 95
100 3
20 20 71 2 41 80 53 39 35 65 89 31 54 61 5 10 10 61 14 19 71 42 75 34 15 52 14 62 50 77 26 97 26 58 38 63 47 34 98 26 28 9 15 17 69 4 77 15 40 10 59 11 73 74 84 17 98 8 26 23 54 74 77 52 10 59 13 4 58 6 53 95 41 85 8 14 53 14 92 92 53 92 3 17 5 47 91 11 64 20 43 27 22 92 13 14 70 71 47 44
2 4
91 63
26 3
95 8 8 38 26 89 61 65 74 26 44 86 44 98 40 46 28 8 73 28 77 8 17 64 95 37
19 4
49 67 68 51 57 47 5 71 87 3 97 69 31 3 87 5 55 83 89
25 4
35 45 39 23 79 97 59 79 87 71 27 79 75 81 19 39 53 27 75 9 65 63 38 19 11
100 4
21 51 49 90 30 45 97 65 25 82 28 61 84 10 42 89 38 25 43 61 95 61 89 64 61 29 22 3 34 22 53 45 46 89 60 77 57 33 26 49 16 69 21 58 12 77 81 91 91 21 22 41 33 97 43 66 45 58 94 5 41 17 25 85 22 73 23 39 30 9 65 78 30 47 45 54 43 78 73 66 92 89 93 81 96 97 81 23 33 9 54 33 21 69 50 77 53 97 27 54
3 3
47 92 74
100 4
55 61 29 9 61 93 45 18 37 58 90 37 74 69 95 41 74 78 5 29 19 73 15 1 30 28 3 70 45 97 45 65 17 89 54 85 26 8 36 14 71 1 81 45 2 79 82 42 19 89 58 21 21 93 73 19 23 55 71 69 1 13 13 85 61 57 89 25 5 82 81 34 94 43 70 29 27 60 49 56 10 77 13 82 69 37 52 31 39 18 25 58 94 62 45 7 57 25 53 50
19 4
65 66 55 9 60 50 85 7 67 63 79 68 71 1 13 67 85 94 29
1 4
51
1 3
61
100 3
43 17 94 59 74 65 74 83 90 41 60 29 96 39 81 62 38 23 43 25 29 39 98 11 55 22 73 10 29 33 49 7 89 11 26 25 95 35 32 16 80 14 80 38 17 79 97 50 85 54 52 71 71 32 41 64 29 70 32 50 77 95 64 20 59 41 77 92 1 41 32 89 21 82 95 92 64 22 37 4 54 62 7 37 77 41 41 23 55 5 30 85 19 98 91 17 28 32 14 5
20 3
4 5 85 83 5 85 38 23 13 92 73 73 79 25 88 55 22 44 8 84
15 3
23 20 82 95 23 58 59 62 76 85 1 58 46 77 49
2 4
77 25
100 3
87 31 55 64 3 88 15 20 40 38 92 91 13 97 76 58 81 89 16 88 61 76 40 28 51 64 1 64 51 52 86 27 91 85 34 9 4 92 5 7 70 29 62 91 94 29 94 46 91 7 49 79 78 52 98 53 17 25 39 20 1 89 50 21 85 97 64 46 64 38 10 43 87 13 43 31 16 52 34 95 94 27 32 22 67 82 4 82 53 19 93 46 53 94 92 25 14 25 34 64
33 4
27 39 62 43 21 65 49 23 35 19 81 54 32 52 53 67 27 20 27 3 88 30 21 43 61 39 70 40 3 51 93 91 23
1 4
32
100 3
24 12 4 63 58 48 52 16 94 53 61 47 26 13 65 31 65 97 76 76 59 49 88 22 82 55 4 68 55 25 55 88 67 94 17 7 85 58 97 88 88 49 44 37 34 43 49 93 71 2 34 52 26 19 91 52 55 61 71 71 9 79 65 82 19 69 97 52 37 41 26 34 65 62 97 12 67 51 13 74 22 43 74 17 97 4 81 1 46 94 16 52 76 70 46 80 52 46 11 94
15 4
58 83 85 65 74 93 75 37 28 73 7 59 75 49 38
100 4
93 90 58 38 94 11 42 35 58 82 73 18 75 35 2 29 7 47 34 8 8 3 11 2 33 11 78 23 70 14 59 47 34 51 50 10 34 46 14 75 18 75 89 71 84 5 90 21 39 63 71 89 57 14 22 63 75 31 69 71 69 14 68 47 35 19 35 11 71 43 32 67 55 12 34 43 35 72 82 88 62 31 71 23 43 40 23 51 19 63 94 47 91 3 16 19 67 30 39 2
100 4
65 97 38 28 84 79 9 49 81 62 1 57 65 13 21 37 21 19 34 49 25 33 13 89 19 25 3 2 91 31 95 91 91 50 14 93 76 15 5 5 84 58 2 7 25 27 10 25 9 90 45 5 46 41 18 53 75 91 16 89 69 19 27 49 10 70 33 18 41 26 55 66 68 61 97 97 90 79 7 41 93 34 6 23 55 61 57 97 17 14 82 31 66 91 41 77 73 66 86 45
100 4
25 67 83 55 71 21 66 82 91 47 90 54 97 46 14 45 79 26 37 47 71 44 15 41 9 6 23 10 89 11 50 83 77 38 50 9 3 90 78 27 1 15 1 55 62 38 61 30 29 17 39 3 93 78 11 37 35 73 75 1 59 94 47 49 59 61 75 89 66 22 69 42 43 15 37 27 66 46 14 66 1 41 50 82 94 59 57 57 18 45 94 87 69 49 73 54 50 23 79 85
22 4
91 69 54 87 23 89 86 63 45 42 53 97 77 62 65 55 14 27 55 87 53 75
20 2
34 90 15 22 27 32 29 22 45 91 26 83 2 32 97 65 62 96 68 65
30 4
69 33 13 33 26 18 22 14 91 3 9 33 29 89 57 53 17 10 73 29 85 11 39 63 35 77 65 50 81 45
29 4
33 63 57 60 81 91 91 39 48 43 24 55 89 67 25 11 63 13 44 59 23 83 47 63 79 21 61 35 68
100 3
7 50 38 98 11 77 53 89 71 47 5 26 24 14 39 50 68 89 65 31 83 17 35 59 31 53 36 63 66 80 4 83 79 20 29 13 70 38 76 89 26 8 44 86 67 51 71 80 47 67 53 64 83 23 41 26 49 86 2 86 43 47 32 74 74 21 31 7 23 26 50 38 94 98 80 5 35 4 85 3 25 52 12 46 49 56 74 53 74 91 29 5 67 20 40 10 3 98 76 16
100 4
61 43 54 15 91 93 61 37 70 26 37 54 25 49 78 30 63 42 6 73 57 30 35 22 46 5 15 97 53 21 38 18 5 49 79 94 15 13 43 1 89 33 3 59 63 30 19 43 58 73 26 25 22 37 77 49 3 90 73 31 59 26 21 58 49 19 71 27 63 50 87 39 6 75 30 58 2 87 69 29 38 17 91 2 46 87 54 87 95 17 23 23 57 82 58 47 73 91 67 50
12 4
85 43 49 75 96 69 49 55 85 91 61 31
25 3
49 34 64 34 37 59 16 29 86 16 49 8 5 28 4 47 52 11 67 64 1 70 77 91 82
15 4
43 50 37 9 65 5 95 78 22 67 45 47 78 76 83
17 3
38 25 41 77 44 76 59 84 83 7 7 49 82 20 46 79 65
16 4
51 37 71 79 57 59 85 11 39 53 40 49 71 55 91 27
17 4
55 72 40 9 21 72 83 45 89 52 33 87 19 93 53 39 47
100 4
66 25 73 89 56 33 66 1 82 39 25 26 5 82 73 34 92 73 2 50 45 9 94 35 87 21 81 13 77 14 34 72 75 25 85 93 93 61 55 14 56 87 39 97 41 34 5 9 89 16 30 94 62 56 41 73 36 62 73 46 38 92 55 6 85 62 9 69 6 87 67 85 25 49 93 61 5 17 54 24 37 41 93 57 76 82 54 6 39 22 9 28 3 57 2 3 89 53 71 18
24 4
37 83 53 29 69 21 3 45 37 85 51 25 37 9 13 25 5 5 75 87 69 39 9 65
19 2
27 78 36 38 34 31 42 74 27 19 36 19 57 74 10 46 93 47 78
13 4
35 83 63 1 3 85 39 88 5 5 51 10 37
20 4
91 8 19 81 41 87 73 93 76 13 57 61 15 28 5 33 77 96 4 47
100 3
92 37 62 22 17 32 81 3 90 31 17 63 11 22 21 33 28 78 30 79 31 70 49 20 26 84 44 86 30 7 48 50 42 48 2 89 45 86 9 80 13 76 72 91 54 23 95 19 29 49 64 64 69 35 78 86 58 60 28 60 51 32 47 68 66 64 23 63 13 7 68 42 34 14 23 21 66 87 2 75 29 63 1 34 50 4 89 36 93 37 94 4 76 23 73 3 31 47 40 56
100 3
29 52 58 43 23 55 74 5 31 97 23 91 8 13 34 80 46 44 20 40 61 35 64 98 92 34 61 46 23 98 68 97 20 79 91 11 97 89 98 14 29 22 86 26 76 85 37 44 23 80 53 1 52 4 40 38 16 28 62 40 25 86 28 86 35 44 92 43 46 64 23 13 80 92 58 53 41 32 40 20 25 38 7 46 82 58 34 43 52 65 77 38 64 95 71 38 65 64 1 68
23 4
31 85 87 85 69 23 81 81 67 21 41 45 91 9 93 85 87 81 23 65 61 45 93
2 2
43 35
22 4
1 9 63 95 47 39 34 50 55 58 15 94 62 69 84 7 47 83 46 69 37 71
100 4
65 21 67 1 49 5 33 34 13 6 74 5 85 94 78 33 29 42 77 29 97 34 73 52 89 15 74 40 57 91 29 69 70 41 74 69 75 49 81 22 76 25 97 86 38 14 94 51 82 81 85 73 88 84 19 93 14 38 37 45 11 6 17 1 89 46 51 17 33 17 9 77 78 51 29 29 37 91 46 30 54 51 3 83 85 45 81 9 89 21 58 64 55 74 89 21 33 81 73 61
30 4
1 13 55 67 31 19 47 47 1 14 27 15 97 95 19 43 56 53 51 29 43 75 60 23 39 13 76 61 56 40
16 4
92 45 59 75 43 51 79 89 95 61 31 21 81 21 20 93
18 4
20 25 61 24 50 11 45 69 11 92 79 87 37 53 92 69 79 31
100 3
77 22 86 20 68 3 74 80 57 2 49 56 23 74 83 71 62 14 68 41 71 17 45 2 23 42 83 16 2 38 35 55 50 46 44 2 71 97 2 68 47 6 7 38 60 85 45 21 23 84 14 23 22 2 7 11 97 41 68 58 46 38 89 72 7 2 83 51 6 92 77 2 62 62 41 93 30 5 77 98 62 59 80 83 38 52 72 20 65 29 3 17 86 97 47 11 29 14 73 85
100 3
10 56 1 73 52 32 4 43 19 88 97 79 53 14 49 82 33 78 13 37 19 63 8 14 38 67 11 57 49 28 34 10 85 2 1 78 4 29 33 40 4 22 71 22 44 49 95 67 11 5 46 61 64 95 88 64 94 60 37 4 44 2 9 73 98 34 49 50 70 5 49 61 34 28 97 67 32 44 64 94 73 46 5 46 2 69 43 40 91 94 67 70 76 58 64 63 82 70 3 30
4 4
35 27 11 63
100 3
19 97 23 82 25 49 21 25 37 19 73 82 82 73 38 73 73 33 67 80 76 95 52 79 44 64 64 22 10 91 88 95 40 2 85 25 83 16 52 90 4 16 31 23 33 97 69 90 19 20 46 46 10 13 64 79 92 59 9 4 67 88 73 96 5 10 91 46 3 68 47 64 64 14 12 88 1 92 38 79 47 28 70 17 44 59 7 1 55 43 38 59 74 29 43 4 85 55 4 29
3 4
95 55 91
19 3
94 23 32 71 74 38 24 40 25 67 82 17 53 53 91 70 92 35 2
17 4
25 95 96 75 74 1 59 21 69 21 39 67 11 81 96 83 65
100 4
54 25 92 33 17 69 27 53 65 15 83 97 64 1 14 22 17 84 38 33 64 97 93 30 13 25 90 27 3 41 94 7 41 41 30 13 53 5 53 27 6 49 74 93 9 53 13 1 21 89 83 19 54 9 57 38 65 52 71 17 66 58 30 39 6 37 90 42 81 37 33 21 5 25 42 85 33 17 29 25 35 25 84 89 78 46 17 97 90 96 1 65 73 23 31 69 49 65 41 33
1 2
26
23 4
13 79 7 12 51 47 58 39 62 61 38 69 22 67 15 93 71 23 33 91 25 21 27
2 3
98 80
17 4
1 13 79 41 47 59 3 93 35 5 91 58 51 79 97 97 49
17 4
69 3 77 75 65 55 67 40 35 29 9 11 75 34 83 35 19
21 4
83 95 63 5 39 27 15 97 82 78 9 37 71 6 29 53 90 93 85 66 59
100 2
31 97 62 36 66 77 76 58 65 31 34 94 44 72 38 81 56 79 46 66 67 37 5 77 31 94 24 10 41 16 98 28 34 78 77 94 64 27 83 39 49 90 43 32 14 57 6 45 58 96 17 99 64 8 55 25 94 92 47 61 49 1 79 28 14 49 71 6 83 49 26 4 27 72 23 71 1 79 32 88 42 64 99 81 58 20 62 54 58 35 77 63 83 92 40 89 99 85 85 87
17 3
24 74 32 72 13 37 77 85 51 32 58 22 31 32 83 16 9
17 4
21 27 51 97 13 31 75 13 45 13 87 11 23 89 29 23 35
100 4
11 81 10 71 39 31 9 63 43 90 55 58 68 47 63 12 58 71 71 19 10 55 39 63 7 50 67 10 87 83 37 71 34 7 19 31 6 38 60 78 79 5 94 23 43 31 39 7 35 63 78 63 23 3 51 43 57 15 79 91 18 23 42 66 91 85 85 67 18 11 10 14 91 6 75 2 55 30 3 47 7 35 2 63 82 11 58 55 7 75 31 63 3 92 70 39 1 27 79 5
100 3
95 74 88 91 47 40 26 26 23 53 71 20 8 8 62 74 40 13 62 20 43 31 95 77 83 34 20 43 5 26 17 29 32 32 59 14 62 44 83 41 64 37 34 94 10 91 29 58 32 23 82 86 47 28 86 51 8 53 74 25 95 51 9 17 50 74 68 40 66 86 49 14 27 90 35 75 33 53 97 2 26 85 5 72 94 39 50 8 80 65 64 14 26 44 70 17 7 9 32 94
1 4
42
1 4
53
12 3
55 54 47 43 52 44 92 67 11 46 41 43
23 3
32 86 23 68 4 59 85 78 48 87 1 50 92 68 86 26 58 49 5 36 74 2 89
2 3
73 7
24 4
61 89 13 17 57 29 53 41 77 23 29 85 59 89 1 35 23 30 67 19 45 69 5 3
1 3
21
1 2
69
100 4
46 49 77 33 69 41 5 62 86 2 50 17 18 81 95 96 49 21 83 90 1 4 33 3 96 27 18 50 87 58 25 54 65 11 6 61 21 52 46 65 61 2 22 90 70 88 89 71 33 31 48 54 22 9 17 89 65 77 45 81 57 82 15 58 49 61 2 2 57 25 57 5 6 71 84 61 30 31 65 41 67 97 42 9 30 3 10 1 97 53 23 22 12 47 17 81 33 73 67 62
12 4
51 35 30 83 32 85 97 1 35 21 47 41
100 4
83 51 17 40 90 27 43 23 3 94 63 14 23 91 58 91 71 14 15 61 95 37 58 27 53 79 3 68 12 46 81 45 80 73 59 7 27 23 85 87 77 87 63 18 51 63 34 47 79 19 26 56 93 72 62 91 39 83 7 35 23 17 11 19 14 39 55 58 71 62 11 27 83 94 42 95 7 95 94 80 33 51 18 43 7 33 41 47 51 54 14 22 32 60 35 9 41 6 15 21
100 3
83 68 60 79 31 37 8 89 61 21 19 79 83 10 22 95 71 31 8 25 92 70 58 86 73 16 85 11 7 88 40 31 22 19 44 17 92 7 82 94 94 53 92 79 25 64 83 68 94 43 8 67 97 97 82 58 25 26 8 40 25 69 7 79 59 88 13 34 98 23 55 67 8 46 37 88 31 67 2 16 16 64 54 85 22 46 5 76 73 79 97 62 40 67 26 4 82 20 64 67
16 3
22 23 40 83 9 37 89 50 15 66 70 10 53 23 88 96
25 3
47 93 23 67 8 91 76 31 58 78 23 10 5 8 25 18 84 97 58 52 89 58 94 22 79
2 4
58 50
100 3
74 70 70 23 7 29 2 78 34 6 67 82 15 55 37 52 28 10 14 5 2 71 22 64 14 49 84 12 22 14 37 2 19 98 55 55 61 71 20 16 46 44 8 52 4 16 91 31 91 94 67 73 89 30 34 34 7 98 22 46 48 5 38 54 64 77 51 62 66 85 76 13 64 21 66 37 92 23 1 28 42 82 91 26 73 52 76 46 14 31 64 44 27 20 19 22 88 9 92 62
3 4
62 22 38
100 3
79 20 4 80 32 46 77 22 98 40 92 86 23 17 70 28 76 47 5 92 38 14 44 13 47 91 79 68 23 73 32 40 29 62 11 86 55 68 64 49 13 58 77 46 89 44 62 32 79 91 56 8 1 29 49 86 44 8 34 64 32 82 16 8 73 23 20 80 38 92 89 49 49 46 16 46 94 40 11 58 7 19 98 50 2 61 16 74 26 49 1 32 8 64 40 17 32 94 95 14
12 3
13 58 97 82 41 98 7 20 86 95 19 74
26 4
5 9 74 53 7 65 77 21 27 1 67 95 95 61 61 39 37 53 26 33 29 42 73 47 77 65
20 4
68 25 1 63 6 43 15 80 97 93 75 13 68 74 4 95 53 55 87 14
21 4
83 72 61 88 9 31 3 2 28 48 25 73 77 95 85 31 88 85 93 65 73
