100
4 3
4 5 6 4
4 2
4 5 6 4
3 3
1 1 1
19 2
78 77 45 10 32 84 18 25 88 50 29 44 40 29 4 79 91 1 84
100 3
89 80 41 86 62 47 29 44 80 32 17 67 77 31 38 80 20 65 94 97 15 54 33 76 83 66 61 43 83 19 82 14 79 9 80 68 51 67 59 47 95 68 13 48 20 71 71 29 74 53 98 74 17 80 74 50 43 79 96 23 97 28 53 47 41 62 1 88 52 29 38 67 37 53 95 42 41 5 71 20 65 38 41 30 98 83 44 33 77 46 32 50 68 41 56 20 62 40 11 73
100 2
44 83 21 68 68 62 20 65 42 22 56 51 8 62 40 19 93 70 57 14 43 90 8 60 31 55 5 89 63 14 14 18 77 20 77 17 70 24 73 7 81 55 72 74 42 32 10 90 1 26 89 6 85 21 50 24 22 14 6 32 69 54 44 9 53 23 1 42 10 13 71 87 75 30 15 8 24 59 21 83 96 57 76 23 9 48 79 98 5 11 37 69 15 70 9 89 73 30 32 33
100 3
43 59 44 87 8 53 83 84 62 74 53 11 9 61 70 76 33 71 62 7 11 7 10 8 64 94 26 53 97 65 19 17 21 50 59 91 15 74 35 28 67 38 17 76 21 59 43 33 58 40 95 38 91 55 33 91 58 68 98 73 10 58 4 77 56 56 79 68 71 98 91 75 50 29 11 79 32 98 41 86 67 79 77 26 63 63 71 20 50 83 8 38 7 56 70 29 26 6 71 59
100 3
52 82 94 80 41 37 34 24 10 28 22 89 47 94 97 38 16 35 50 48 6 86 17 82 85 63 49 1 79 83 62 94 47 58 61 11 7 79 65 68 91 17 69 22 4 18 7 47 68 79 58 65 56 19 81 35 54 31 32 5 72 62 46 70 67 13 13 10 88 83 28 85 80 52 92 62 85 55 56 83 88 64 1 8 73 91 19 4 95 71 34 31 67 82 40 34 19 98 3 82
100 3
39 47 41 62 14 2 20 68 71 95 31 11 22 87 15 73 69 14 62 16 47 20 52 61 4 38 97 14 43 59 98 65 74 84 14 52 82 88 62 56 17 86 14 50 25 8 95 97 21 79 29 32 2 22 33 43 68 9 61 23 24 77 75 44 23 74 38 71 17 31 4 83 14 58 71 76 56 37 89 95 77 17 11 3 71 71 83 17 68 14 98 1 95 26 38 40 68 62 61 26
100 3
8 5 28 54 62 82 97 1 91 69 4 20 8 35 86 10 89 74 11 70 83 82 74 53 38 29 80 98 89 38 80 20 56 57 8 94 26 71 43 50 31 56 29 41 37 21 10 29 74 55 18 86 20 65 76 17 7 92 29 83 18 94 28 86 29 92 2 10 14 66 71 34 2 63 95 20 59 88 29 18 83 32 56 26 10 40 29 47 94 77 40 97 50 11 67 8 16 71 50 8
21 3
48 53 90 60 91 28 41 30 61 71 66 20 86 59 73 64 35 34 52 10 5
1 3
22
19 3
37 80 2 61 90 92 79 56 16 67 1 59 32 22 18 82 47 50 47
100 3
37 26 19 95 89 6 53 83 8 28 57 22 71 92 83 71 6 71 10 1 52 29 5 8 86 89 46 56 97 34 29 25 62 71 85 28 79 17 68 56 20 20 23 76 74 71 62 44 63 77 31 49 7 71 41 8 41 26 50 9 56 35 74 65 33 25 68 86 80 92 18 89 79 86 35 10 74 4 1 89 16 50 37 17 64 8 76 92 37 8 73 98 53 39 47 89 53 47 76 41
100 3
1 43 68 85 98 67 97 20 43 70 34 84 47 7 49 7 50 7 91 83 58 7 85 91 31 94 37 20 76 73 76 52 61 22 37 72 56 7 85 28 34 58 43 56 47 23 34 32 25 49 35 78 61 43 76 43 18 70 84 22 31 41 25 1 43 82 73 37 85 85 58 76 7 27 73 67 92 72 39 34 20 25 23 22 64 25 31 91 26 17 95 94 89 34 52 58 31 94 10 19
100 3
64 19 43 32 47 41 40 86 5 43 83 52 16 41 77 32 14 19 38 19 83 95 73 5 4 62 74 82 45 87 40 14 49 89 32 22 26 95 86 41 4 43 55 54 58 33 50 26 79 33 16 29 31 95 80 5 38 50 75 69 57 92 95 23 11 77 38 1 58 55 11 11 88 65 53 23 62 20 77 92 62 77 71 43 14 43 79 53 62 78 74 17 95 61 14 36 79 19 59 55
100 3
94 40 92 61 61 32 49 46 35 82 70 7 80 82 35 72 91 59 85 28 91 38 80 77 31 15 68 39 13 91 28 64 35 46 44 22 15 67 16 4 55 24 79 95 30 29 29 31 89 91 70 13 4 26 88 94 26 47 19 32 37 58 4 34 73 40 72 25 49 4 79 34 44 63 4 53 15 31 22 61 56 17 95 97 48 49 22 56 29 70 35 26 13 28 53 28 44 79 44 46
100 3
20 76 38 41 98 19 81 12 29 71 30 36 26 63 43 19 68 96 8 83 74 71 58 40 6 35 93 50 14 1 51 64 94 57 10 46 61 5 13 24 69 54 76 79 27 89 12 14 62 27 62 76 98 27 63 77 57 91 7 72 97 27 63 69 31 36 15 91 74 67 17 21 58 7 85 61 7 77 96 45 62 30 76 66 19 53 41 30 5 83 23 95 81 94 92 91 7 2 70 30
100 3
39 80 16 47 92 59 7 80 51 92 58 7 90 15 65 11 56 97 79 94 54 5 41 92 55 34 53 65 63 16 22 73 56 49 92 49 34 66 64 14 26 2 56 50 83 77 25 74 48 40 73 19 52 89 34 8 91 46 92 1 14 11 71 6 8 62 29 27 88 71 11 34 74 36 14 45 86 5 56 32 77 29 71 57 10 88 67 17 83 62 82 35 63 50 16 14 98 47 63 56
17 3
80 76 70 92 25 28 52 95 43 2 58 18 44 31 77 89 53
100 3
38 88 43 5 7 44 38 20 74 9 30 56 25 94 16 86 73 12 86 73 45 38 97 82 64 95 91 47 53 98 11 67 77 4 61 17 74 44 78 31 37 31 40 29 23 98 86 65 65 19 41 67 55 32 50 20 2 26 53 62 11 43 11 52 16 92 58 44 57 53 62 65 55 86 34 23 89 4 11 9 52 10 47 40 86 20 5 47 77 35 10 10 73 58 68 71 22 17 21 29
100 3
83 98 7 55 55 38 59 53 78 83 38 44 34 36 64 23 47 26 95 38 98 8 20 68 32 77 68 44 89 7 74 17 85 70 74 10 74 23 46 86 64 64 55 71 50 61 83 44 22 52 77 58 97 4 59 18 70 2 17 74 98 91 73 77 49 55 37 88 15 83 53 78 42 14 11 89 83 11 77 98 92 86 68 19 40 91 70 80 98 83 58 92 87 72 21 2 10 17 32 15
100 3
23 76 16 76 64 79 90 82 89 40 91 10 28 55 43 76 57 65 76 43 95 82 10 67 16 1 17 40 44 86 91 10 7 94 10 63 35 57 61 55 64 59 36 85 2 78 49 54 79 98 31 50 82 21 93 22 72 61 41 88 58 22 61 52 40 23 37 55 34 59 61 82 91 48 55 10 79 19 34 70 62 32 37 25 88 22 25 14 10 18 53 12 94 13 41 49 73 15 14 82
100 3
82 73 13 38 52 73 19 91 34 28 48 56 37 17 41 92 83 28 16 64 31 47 83 73 20 34 91 52 52 45 79 34 91 17 26 73 37 94 64 42 37 61 47 79 67 27 50 46 22 17 77 37 18 4 67 37 94 74 95 68 28 91 19 60 71 1 95 36 28 34 97 73 65 61 53 44 83 95 32 59 56 88 78 76 93 81 91 85 36 35 76 29 71 7 13 92 91 70 31 49
100 3
29 13 26 1 89 95 89 50 64 39 70 41 22 80 67 85 62 65 14 56 2 64 29 35 20 64 33 49 53 22 74 82 1 91 89 98 73 34 17 59 53 22 26 37 17 8 65 98 37 2 50 95 23 68 44 72 73 64 38 4 80 83 77 53 5 86 70 78 23 98 98 64 26 41 19 34 70 26 55 59 98 89 20 83 67 98 43 76 65 47 59 52 30 38 58 68 80 80 5 70
100 3
5 13 83 74 59 86 65 1 92 92 80 2 50 98 59 75 92 32 10 29 97 47 89 17 21 77 82 5 11 70 48 41 95 71 16 35 89 94 16 47 94 95 41 1 68 17 89 53 83 2 82 64 71 35 14 8 65 91 32 5 86 85 9 61 13 34 37 50 95 76 21 59 7 95 46 71 67 82 96 77 55 59 43 35 43 98 17 4 61 35 83 95 49 59 59 77 17 14 11 74
100 3
8 5 53 87 20 37 42 98 89 53 63 95 90 16 83 18 77 89 97 59 83 98 34 89 71 14 44 32 76 71 82 8 95 20 79 47 46 10 95 64 5 17 37 32 73 95 44 48 37 10 74 32 69 92 90 56 92 29 98 77 59 38 20 13 23 42 38 29 22 80 28 61 47 83 14 53 84 12 52 36 95 17 89 59 30 91 52 68 46 83 80 74 37 11 67 21 10 26 56 53
100 3
55 22 80 56 91 97 40 98 20 62 23 56 57 86 34 46 22 80 82 62 54 92 80 94 73 67 80 13 11 75 13 49 56 80 67 77 68 59 70 56 51 71 90 74 8 23 37 85 46 94 37 50 38 32 51 68 75 62 16 48 41 90 16 65 49 29 43 18 83 17 1 61 37 97 80 30 29 8 77 22 56 83 71 38 25 26 89 17 56 10 11 7 40 1 51 40 68 68 84 94
100 3
87 94 3 52 5 21 67 40 82 22 6 55 61 10 73 94 79 75 22 52 91 47 67 34 65 7 13 73 91 10 19 70 15 36 67 64 67 67 53 94 47 20 25 1 22 41 17 37 37 31 79 38 52 13 70 25 28 43 17 69 79 56 38 68 47 19 19 95 74 51 37 7 63 89 91 93 25 11 97 24 27 85 48 94 74 73 40 41 29 34 64 7 4 1 4 19 17 33 4 88
100 3
82 1 58 92 80 59 39 15 19 53 80 35 68 53 96 98 19 62 65 48 81 53 86 32 68 83 46 30 11 79 32 87 35 44 98 13 56 65 3 32 11 17 94 84 50 8 96 19 50 4 47 90 77 74 50 94 34 98 62 55 92 86 56 41 71 82 77 27 42 8 50 1 46 40 97 44 32 74 38 80 71 41 38 14 88 73 79 11 29 20 25 62 25 14 44 8 55 77 91 18
100 3
40 17 80 61 77 16 58 42 64 28 25 20 7 19 43 74 53 14 12 74 86 55 31 45 46 34 70 59 22 16 30 96 29 91 15 35 17 37 65 4 28 96 22 86 40 94 85 98 3 5 52 86 2 5 64 13 51 19 86 97 80 4 29 65 38 16 52 57 94 80 41 14 28 13 47 91 15 1 23 35 37 98 97 8 81 7 1 41 65 16 1 40 52 4 49 29 82 67 2 47
100 3
19 43 79 58 67 55 63 19 57 52 31 43 61 58 46 46 2 37 9 35 7 73 34 40 37 46 6 79 75 95 70 97 23 11 19 1 10 32 20 37 49 49 59 1 92 13 43 91 10 61 85 28 80 22 61 85 34 18 61 91 25 94 73 35 32 49 15 47 43 67 8 82 83 88 10 86 73 32 69 59 51 73 22 50 24 94 67 16 2 18 43 88 37 32 51 19 64 48 73 73
2 2
15 15
100 3
84 74 77 86 46 74 83 19 56 77 23 14 17 83 59 82 73 26 67 79 26 58 41 62 73 54 76 29 83 11 31 50 29 2 62 4 40 49 80 79 22 92 50 89 14 56 52 33 7 2 97 92 72 79 41 74 60 19 23 85 67 98 52 43 13 1 79 38 98 71 60 14 56 92 89 22 3 14 11 20 4 80 91 62 98 35 55 67 11 7 50 32 43 74 70 13 68 4 64 23
2 3
19 25
100 3
68 16 12 47 10 38 94 70 18 83 23 53 29 56 29 43 23 11 92 74 58 8 50 44 92 3 14 95 68 3 11 8 71 7 50 58 82 25 8 4 35 50 38 65 86 98 26 24 77 89 11 38 38 87 70 93 20 5 70 17 89 22 93 65 23 76 64 58 7 86 7 47 9 92 35 68 96 67 89 31 92 31 55 41 32 22 92 80 73 41 50 53 89 26 65 80 98 11 77 46
100 3
43 91 81 79 13 75 56 38 68 82 48 53 27 61 19 76 56 55 89 68 35 22 43 91 67 31 79 76 28 55 55 8 41 72 40 52 94 28 14 61 80 43 86 83 28 20 94 98 61 85 59 87 40 11 23 74 40 7 25 71 55 53 16 34 98 7 91 43 8 67 61 61 53 13 38 41 33 98 18 44 20 49 19 31 89 7 10 35 43 4 16 57 50 64 38 39 32 26 52 71
10 3
4 16 88 77 89 68 23 56 85 40
100 3
97 46 10 24 74 8 88 56 8 41 38 85 78 17 14 8 23 38 92 22 35 35 39 11 98 86 14 68 52 77 23 6 17 50 36 23 22 85 98 47 77 78 80 95 89 35 47 81 23 71 40 80 55 65 2 67 80 42 46 47 32 34 71 76 57 17 32 74 50 28 4 89 92 56 32 2 38 52 16 70 59 43 14 14 43 76 53 45 89 13 59 92 34 35 23 26 67 74 28 46
100 3
44 89 64 40 86 65 86 79 79 46 23 82 16 70 49 52 14 92 95 56 88 82 65 22 80 1 55 98 95 28 74 53 71 41 25 22 11 41 4 23 77 59 62 70 52 19 17 40 17 79 11 32 47 7 58 38 31 2 49 95 61 17 10 5 73 20 35 5 1 82 23 25 32 79 38 89 98 68 86 50 79 88 44 32 43 7 83 50 76 34 71 17 61 26 26 40 17 97 53 64
100 3
19 73 5 11 23 92 52 77 29 88 53 68 46 44 38 56 26 53 64 1 98 95 92 47 29 17 93 92 41 98 73 23 68 69 61 41 11 89 30 98 74 83 78 50 68 23 35 4 57 67 29 52 94 58 74 28 62 91 94 5 77 16 65 95 80 28 26 25 50 48 44 68 91 42 2 62 92 19 95 26 86 10 59 29 92 8 79 35 95 45 53 56 62 17 32 86 34 47 16 41
1 3
33
1 2
8
100 3
86 65 2 26 64 75 71 2 92 55 43 21 66 28 32 71 56 73 71 5 20 74 11 55 58 29 92 44 17 11 20 24 38 11 37 70 52 50 20 95 29 29 38 89 98 89 25 11 92 31 68 28 19 73 14 81 74 63 41 14 11 52 95 62 32 8 92 23 55 80 18 88 76 50 89 19 41 73 62 69 50 62 67 35 22 74 43 2 29 95 58 31 20 65 61 37 34 11 11 8
100 3
49 88 54 90 29 2 76 32 52 79 79 73 40 34 7 37 95 39 94 4 48 77 58 55 46 49 43 55 98 64 84 85 32 25 27 70 48 64 52 88 61 19 79 22 25 23 92 43 50 25 91 20 85 79 22 61 52 95 7 86 85 20 62 73 91 76 94 8 55 5 52 80 55 35 7 59 53 41 14 44 91 54 66 16 49 76 30 52 49 40 58 8 58 43 34 58 76 2 71 52
100 3
74 44 73 43 79 77 93 4 39 40 81 70 22 82 5 76 27 13 55 37 16 63 4 16 79 58 34 74 40 43 25 88 55 25 55 61 37 86 43 16 67 55 85 68 20 85 33 1 41 66 11 58 46 41 94 12 28 19 55 98 67 70 72 92 73 2 94 89 19 8 60 28 20 25 40 28 23 2 20 97 71 16 76 16 22 74 52 97 76 91 59 49 68 87 25 76 4 31 59 91
100 3
3 37 14 38 53 30 73 22 58 86 10 19 57 65 38 80 71 36 61 46 68 92 55 95 21 75 55 28 95 93 73 35 70 74 88 28 67 59 16 40 16 98 77 65 74 14 29 94 66 2 38 16 87 86 97 11 92 89 14 62 44 12 83 5 23 71 66 44 38 75 11 4 29 95 92 25 46 44 32 63 59 16 8 62 32 94 38 70 4 81 80 56 41 32 95 25 44 44 38 31
100 3
73 35 11 59 95 44 2 64 94 81 71 44 22 74 5 89 94 65 17 92 52 51 16 44 37 76 80 59 29 14 62 16 32 17 17 26 41 53 47 86 2 69 15 47 75 79 47 37 62 2 83 38 69 82 89 98 23 75 44 87 32 89 65 1 26 77 43 23 40 88 29 56 86 49 35 36 85 8 71 14 85 88 34 73 23 77 56 66 1 50 21 59 58 47 56 94 88 2 25 14
19 3
41 74 23 23 28 13 20 53 8 74 52 46 92 34 28 68 7 88 26
100 3
62 77 84 77 58 40 82 7 7 13 9 73 2 92 74 19 58 49 27 76 16 14 34 55 82 25 89 79 85 22 80 2 31 16 50 82 43 34 38 73 43 19 95 80 67 2 42 38 49 80 79 67 94 85 37 86 29 76 25 43 8 74 28 33 40 13 43 42 31 27 70 25 28 7 25 34 1 76 61 92 95 28 78 70 43 77 69 52 55 95 28 62 91 43 89 10 45 77 23 52
100 3
41 68 68 51 71 96 90 73 80 56 67 47 36 79 47 76 53 86 66 20 17 35 86 59 36 62 95 48 71 44 77 32 97 32 98 66 3 47 75 2 61 83 86 56 75 5 44 80 96 87 85 21 1 47 86 29 51 80 80 28 2 8 58 60 62 77 1 68 20 53 74 77 62 86 11 80 61 59 19 49 54 32 37 20 83 14 92 78 10 53 10 38 5 22 74 41 97 17 2 13
100 3
94 80 42 17 67 4 74 10 2 62 86 71 44 32 32 11 40 40 36 50 92 65 38 43 8 35 95 83 53 98 67 29 7 53 73 20 14 1 5 35 77 93 83 95 44 76 23 40 91 89 95 83 89 42 56 40 17 82 35 91 41 1 30 5 20 4 56 77 91 50 94 53 40 22 5 92 71 77 67 35 98 11 64 86 83 6 8 1 22 74 85 40 46 84 56 80 59 6 24 82
100 3
32 8 67 23 66 1 95 44 39 28 80 32 31 15 38 37 23 50 92 89 11 48 16 5 25 32 2 47 84 26 5 53 76 23 26 8 53 82 53 7 8 11 39 77 74 89 92 95 80 53 77 94 49 94 53 59 80 29 98 43 2 95 8 28 7 87 60 41 12 84 7 22 23 40 95 7 53 38 40 69 71 23 4 10 64 56 68 97 2 32 98 22 26 62 23 94 71 51 92 41
100 3
22 40 53 71 70 72 97 22 10 94 26 61 37 58 19 47 96 38 49 67 94 8 22 11 7 15 55 1 83 3 95 49 37 8 70 79 97 49 91 44 95 93 68 64 20 54 23 73 37 91 25 35 78 8 5 28 27 92 92 11 73 89 49 19 97 36 66 34 62 98 79 91 91 80 92 50 11 86 98 65 25 16 28 4 34 22 80 76 2 61 13 49 1 62 92 28 91 97 22 22
100 3
85 56 19 77 41 91 45 32 14 19 44 59 26 8 26 62 5 86 70 65 16 8 47 64 4 74 35 5 14 70 83 81 14 61 49 31 59 49 79 95 50 53 80 43 50 71 18 53 38 91 21 89 59 44 22 32 11 54 64 71 40 23 74 6 26 92 74 11 83 64 14 44 59 53 72 89 97 52 41 97 44 68 98 92 55 10 37 67 70 5 70 97 53 1 74 5 17 2 47 70
100 3
10 65 79 35 13 68 5 31 11 85 49 85 46 79 35 43 73 43 94 5 73 79 40 82 98 64 3 72 58 4 64 81 4 72 79 19 97 67 13 41 82 43 94 81 76 97 26 82 13 15 32 54 13 77 13 4 7 98 11 67 58 38 70 58 28 8 64 28 55 77 94 29 31 92 25 91 48 91 29 84 50 43 1 7 29 51 94 47 63 54 23 31 44 88 16 34 50 82 56 2
100 3
82 61 14 77 94 74 56 19 47 62 68 56 77 1 43 74 91 94 34 44 43 38 17 71 46 77 6 52 17 83 74 44 65 83 8 79 19 29 4 46 72 39 1 14 62 47 89 64 15 23 71 50 85 17 50 38 89 45 50 74 47 68 96 96 98 28 43 5 23 71 2 10 43 55 77 48 50 59 28 52 19 86 65 98 53 35 62 35 6 19 32 19 59 48 5 76 18 74 14 23
100 3
84 42 73 67 55 12 56 61 95 10 23 13 74 2 16 97 58 65 14 60 83 45 23 77 63 68 35 34 35 52 83 49 74 23 55 7 56 38 44 53 50 17 35 17 37 64 36 74 2 94 29 20 41 32 38 17 83 55 74 20 8 41 80 59 22 26 47 98 94 62 26 50 50 22 35 26 16 5 47 11 29 60 4 31 44 36 69 37 80 71 23 49 41 89 64 31 12 98 23 43
19 3
14 86 13 19 71 75 74 56 35 98 34 55 47 65 62 1 43 56 86
100 3
92 82 29 2 13 65 37 56 32 76 1 82 61 20 68 73 91 37 40 31 25 26 37 91 51 13 25 35 71 27 76 79 49 32 31 58 95 41 88 88 40 13 47 15 22 57 31 97 97 73 91 37 48 64 47 28 82 94 19 31 13 40 20 2 7 97 41 23 86 67 50 80 67 67 57 28 25 70 76 53 54 49 40 58 90 81 30 67 84 1 53 90 58 54 84 20 92 40 13 79
100 3
53 29 29 41 45 5 43 26 47 47 80 50 95 68 98 3 50 38 76 8 5 36 97 71 91 41 50 64 35 64 89 26 53 73 95 80 18 37 50 38 23 83 49 44 79 89 52 9 44 73 35 69 7 10 14 41 98 74 59 77 95 28 52 35 91 35 26 71 64 77 17 47 26 32 38 53 98 65 10 49 14 20 2 70 19 20 49 38 65 61 86 40 11 58 89 56 47 71 38 65
1 2
95
100 3
11 28 98 37 61 5 52 43 91 35 25 4 19 33 85 89 85 53 13 38 12 28 88 29 22 28 77 30 59 58 97 40 40 85 88 43 71 16 1 9 74 91 83 58 37 58 74 73 92 23 79 31 53 14 31 14 77 37 61 88 49 10 67 65 60 35 44 85 72 88 14 26 12 92 38 10 34 16 80 91 85 4 53 88 44 62 5 82 82 61 49 22 61 64 61 4 46 31 91 35
100 3
85 38 40 53 2 40 67 77 79 31 79 52 83 19 9 36 88 87 77 8 46 88 44 15 52 50 41 61 44 55 61 85 29 79 5 61 69 79 15 56 73 55 4 55 49 58 7 64 1 20 33 25 91 14 6 32 4 85 70 48 82 43 83 97 52 43 19 88 58 76 58 59 31 67 40 82 61 22 34 82 37 84 82 85 34 5 34 79 15 88 22 43 38 25 69 74 47 57 2 25
100 3
34 36 1 97 43 94 44 28 76 14 28 82 36 67 76 16 52 97 76 2 91 13 19 34 87 70 82 26 34 28 56 64 14 24 10 58 71 97 70 22 80 25 91 27 4 13 88 95 44 85 7 17 26 72 76 73 83 24 95 76 71 47 82 58 41 95 28 25 76 15 35 67 54 16 82 19 11 1 49 26 85 97 58 40 34 55 23 44 37 19 67 11 14 7 32 19 19 25 85 53
100 3
55 77 73 80 37 65 59 2 5 28 13 7 22 97 98 65 1 56 17 5 34 53 5 34 41 62 47 2 56 67 82 65 37 34 35 7 34 95 41 62 55 67 65 97 98 74 67 73 53 28 8 58 38 67 64 91 56 28 46 40 31 38 34 13 23 85 85 94 1 62 79 4 82 7 1 14 29 23 95 41 26 32 64 29 83 49 80 83 2 88 8 41 37 16 95 59 46 91 26 13
100 3
88 55 85 43 61 79 82 59 84 58 56 89 31 31 70 5 23 37 70 73 80 46 79 88 56 52 73 23 78 10 65 64 76 94 32 25 52 40 31 4 25 86 32 1 10 18 65 28 17 25 79 49 64 7 19 61 97 25 44 51 86 4 7 91 25 82 61 92 1 7 21 53 10 10 38 8 70 91 37 49 5 72 61 10 91 94 79 96 25 86 83 91 98 65 43 49 40 68 86 29
3 3
2 65 53
100 3
55 72 40 73 94 61 22 28 14 82 91 88 82 30 11 97 34 31 1 20 41 64 82 25 93 61 38 37 97 72 12 95 73 88 11 83 28 95 82 7 23 16 13 34 80 88 91 43 7 89 94 94 73 40 92 95 4 67 1 41 58 10 20 79 58 31 44 94 64 16 46 77 3 1 10 10 34 85 79 8 79 61 50 17 28 26 45 53 37 70 88 46 98 17 64 77 53 82 73 37
100 3
29 68 83 93 88 15 19 70 77 20 57 78 10 16 11 86 77 53 14 29 14 62 26 67 86 50 50 76 83 29 29 72 77 86 75 2 32 68 68 77 13 37 53 20 36 47 40 50 20 38 54 12 68 38 59 41 53 39 68 62 56 12 89 50 44 31 50 41 89 26 17 47 77 7 35 5 87 81 20 35 32 14 40 56 93 82 38 59 52 14 18 14 20 5 80 16 59 46 19 89
1 3
38
19 2
87 64 43 98 49 12 75 38 65 37 86 77 13 28 74 31 38 4 22
100 3
84 42 53 32 95 95 70 86 53 20 44 26 20 20 97 10 65 23 53 29 77 95 65 70 93 31 53 41 95 77 91 3 56 19 8 83 15 98 55 83 89 72 50 70 73 68 4 5 95 14 92 64 19 40 77 32 89 58 98 23 47 67 41 56 71 8 11 25 59 30 11 28 47 72 71 53 17 95 19 10 24 60 90 61 65 57 59 52 29 23 9 74 28 26 8 41 4 62 75 56
100 3
82 2 64 65 50 24 98 58 52 79 23 58 2 82 2 92 90 70 37 38 28 50 20 16 74 35 2 40 89 31 85 77 95 11 20 24 65 16 26 71 95 68 8 82 26 25 97 50 92 92 35 64 12 3 80 23 61 74 48 53 35 49 67 33 44 23 19 2 47 28 98 49 6 20 2 64 16 98 14 70 56 81 18 92 38 62 89 53 4 13 14 62 2 49 43 70 58 56 77 75
12 3
67 76 21 44 31 40 94 2 38 14 71 62
100 3
52 85 98 23 62 70 61 74 75 34 64 37 28 1 79 83 26 5 33 40 16 26 90 22 45 35 68 94 4 92 86 4 16 58 31 85 41 76 35 29 98 23 13 47 3 96 71 54 8 26 58 11 28 53 67 28 40 73 28 14 55 61 7 37 75 70 91 3 88 83 85 67 41 84 73 64 13 28 52 28 88 63 73 52 40 60 55 34 70 80 88 4 33 49 82 4 74 80 52 70
100 3
25 92 22 83 49 43 71 40 68 91 23 70 79 16 40 58 23 61 82 73 1 43 54 9 43 2 97 86 96 35 26 37 10 69 19 83 52 43 9 16 16 31 61 65 11 10 23 59 62 16 9 55 70 78 56 88 19 79 70 62 88 61 82 20 86 38 39 70 82 13 94 58 2 75 61 52 40 31 82 50 88 51 89 46 67 10 66 82 44 27 83 98 31 21 13 34 34 18 56 90
100 3
80 71 95 26 98 13 45 41 61 32 33 41 86 94 89 32 68 40 34 95 67 7 41 89 20 98 50 92 74 98 95 59 92 19 39 1 56 35 80 32 67 83 2 23 52 35 46 3 46 86 14 47 53 79 20 32 97 76 55 23 37 38 32 86 41 59 62 2 20 8 71 83 76 77 23 50 23 74 17 69 50 86 17 53 75 95 40 77 13 89 82 56 67 80 94 41 47 86 7 18
100 3
71 36 66 50 25 59 32 42 26 65 68 34 66 68 29 43 50 78 43 62 15 3 16 59 64 14 31 23 54 19 68 13 43 65 60 5 40 98 83 43 89 7 17 89 50 98 1 68 68 34 14 23 17 16 22 87 46 17 50 54 89 4 2 11 28 29 26 17 29 98 25 17 43 5 48 22 47 61 2 76 62 30 80 58 20 58 29 56 34 59 50 32 7 71 43 38 64 65 68 47
100 3
37 17 73 53 12 86 2 7 15 4 40 23 46 74 41 85 73 41 84 74 4 62 31 47 61 85 1 4 32 80 25 78 71 64 98 92 23 65 82 98 74 29 82 41 4 56 95 46 1 68 88 20 2 55 58 92 29 18 64 47 74 80 44 2 78 14 14 53 10 21 98 2 41 52 47 50 95 83 16 17 86 83 20 38 74 17 89 71 38 80 94 22 25 19 73 83 80 26 34 98
100 3
80 79 47 71 68 89 71 68 26 24 7 98 77 50 47 77 64 73 50 56 77 70 80 2 91 77 29 16 33 41 43 60 40 11 89 74 92 28 8 61 94 94 80 8 77 67 68 64 52 86 45 21 35 70 95 91 71 41 31 71 44 17 80 81 1 2 39 50 37 38 26 28 13 69 19 29 33 94 31 77 20 29 26 5 2 53 6 13 76 2 35 92 64 44 52 5 69 85 14 41
22 3
38 14 35 55 71 77 44 53 5 50 25 25 49 2 44 29 49 32 52 71 86 44
100 3
25 49 88 71 86 13 82 65 86 93 23 52 13 61 89 44 5 80 95 65 14 44 81 81 96 34 34 38 95 71 98 64 2 91 32 26 20 89 47 35 38 55 26 41 8 49 14 56 8 86 43 49 32 76 8 20 14 85 56 94 62 98 46 95 43 80 62 34 44 76 86 86 44 15 41 62 83 89 36 17 38 83 95 11 95 86 44 31 16 78 53 93 25 61 2 97 74 50 2 11
15 3
53 17 63 14 73 35 8 7 43 49 47 80 47 52 83
100 3
97 55 82 38 89 68 14 17 35 56 32 64 53 65 33 34 28 98 53 89 98 46 13 14 76 49 98 82 45 92 58 48 80 33 76 10 23 79 21 32 80 29 32 41 30 53 44 89 11 3 35 11 17 2 90 59 60 53 62 81 95 8 80 95 71 21 47 95 74 51 27 80 4 43 53 85 50 32 86 32 20 42 73 33 94 11 54 43 71 76 58 49 56 38 53 37 92 16 17 94
100 3
65 53 83 95 44 68 86 57 53 81 41 96 68 68 77 32 53 97 57 55 29 1 42 83 2 77 44 53 38 11 92 71 56 5 53 35 20 14 47 25 74 65 95 20 29 56 83 27 50 26 17 95 26 14 86 41 32 53 50 40 38 2 89 86 71 75 47 85 85 72 40 67 43 60 71 7 80 71 80 74 40 40 32 62 67 98 92 96 14 46 79 95 93 17 88 41 32 98 29 33
100 3
61 64 38 64 49 22 97 49 79 67 52 62 62 17 49 97 70 86 22 73 95 79 29 35 40 91 97 37 31 64 44 11 88 46 21 26 98 56 40 70 93 22 88 52 70 52 10 29 46 52 52 91 64 8 86 25 17 85 97 13 83 46 13 25 7 98 55 19 19 18 46 62 3 52 95 14 43 70 25 30 34 92 67 16 13 22 93 87 25 1 79 13 35 83 19 73 91 58 48 98
25 3
29 1 77 26 92 26 77 80 88 50 40 47 9 32 38 6 2 54 23 80 11 46 42 54 79
100 3
93 55 64 52 3 7 38 92 6 16 64 82 62 14 16 88 89 64 68 78 88 55 97 10 31 5 98 59 40 20 88 34 58 76 42 62 94 85 10 49 61 86 29 19 45 67 17 79 23 10 19 35 46 82 34 49 59 58 22 8 89 1 82 20 94 84 53 31 95 19 20 95 30 70 52 52 1 96 85 80 76 91 49 7 37 45 16 21 56 44 76 46 94 31 46 43 30 25 13 82
17 3
17 88 32 68 64 85 41 50 55 77 50 22 5 7 77 76 13
2 3
62 20
100 3
85 83 79 31 71 26 44 35 98 86 54 79 42 62 19 14 98 52 37 71 35 27 38 44 20 82 11 31 86 23 8 47 55 17 29 11 8 70 71 62 95 23 95 67 95 23 53 53 38 14 41 5 95 82 26 94 48 80 59 92 82 8 54 44 5 47 60 11 41 77 22 62 55 35 41 9 72 86 61 26 32 35 2 25 49 61 11 11 80 92 70 98 23 32 68 59 62 98 81 29
100 3
29 47 34 43 4 43 19 70 2 34 19 97 85 31 97 58 85 17 16 2 66 82 43 61 79 22 24 74 34 31 74 41 64 24 28 46 86 35 11 91 59 73 97 13 49 88 47 3 37 20 71 1 4 78 85 28 49 40 46 40 88 85 97 85 50 80 40 55 4 89 46 73 46 33 22 86 59 37 28 73 49 28 10 22 91 22 83 52 94 88 4 73 79 92 35 17 85 29 1 19
25 3
85 54 55 91 17 43 82 13 1 29 79 7 31 86 79 68 95 54 20 73 10 54 92 88 89
100 3
32 54 98 58 56 83 59 29 84 14 67 40 89 71 21 91 2 97 26 77 49 31 58 5 97 37 88 72 7 43 95 17 92 83 76 68 86 12 61 27 93 55 63 28 68 65 32 50 8 2 28 50 89 85 8 74 82 89 95 41 85 29 8 29 43 68 95 83 95 36 47 89 44 86 84 53 19 59 2 32 35 8 52 13 56 57 47 44 17 9 76 59 50 43 7 53 62 16 73 25
100 3
42 22 19 28 65 11 43 20 31 78 85 49 50 40 17 52 38 97 12 96 34 11 28 89 71 97 13 85 67 10 17 90 22 17 81 73 82 1 49 28 61 49 16 64 67 50 34 88 58 34 7 76 56 16 26 65 23 31 53 67 36 74 14 51 10 89 85 53 89 97 76 12 85 80 97 4 16 80 10 70 25 2 11 34 5 54 23 25 1 4 55 63 50 61 52 58 58 23 63 58
100 3
52 46 53 97 43 58 52 73 97 64 94 80 14 97 34 69 95 34 25 43 14 64 35 64 43 37 61 95 46 49 25 85 38 29 46 46 41 11 61 7 19 34 9 55 46 67 40 37 49 70 67 63 88 40 37 74 68 86 19 37 64 29 25 31 58 8 90 10 55 59 78 94 43 70 10 2 25 49 55 17 22 14 95 39 11 80 85 13 51 62 73 34 31 2 41 38 14 80 53 10
100 3
80 78 71 7 67 79 16 84 19 96 75 35 80 77 43 59 85 87 47 28 53 43 9 74 26 90 2 13 28 52 46 20 16 86 28 32 39 48 4 37 10 82 44 13 13 24 26 72 1 28 2 85 70 97 52 4 88 10 1 91 64 82 75 36 21 10 88 3 73 18 73 78 29 37 31 96 94 86 2 19 89 63 10 58 19 39 10 86 56 19 7 38 80 97 46 7 5 5 84 16
100 3
11 59 22 2 56 14 23 71 2 95 52 58 53 35 13 11 43 29 17 65 20 8 26 13 15 68 41 53 70 5 63 48 50 41 4 39 74 20 36 39 65 62 23 38 77 14 97 69 2 62 98 56 97 4 44 15 13 74 87 44 83 79 29 29 7 85 38 5 74 69 76 65 9 8 26 4 74 10 49 44 59 22 4 56 47 85 40 38 98 92 67 41 11 14 89 2 62 75 46 74
100 3
35 83 95 53 79 40 2 5 62 96 13 14 61 60 44 26 17 43 56 76 83 2 85 53 71 31 41 92 10 83 2 49 30 2 56 58 63 86 11 98 94 89 20 53 95 79 29 5 83 62 80 23 71 37 92 28 35 41 20 59 80 53 78 95 54 39 44 94 95 97 16 77 61 47 53 20 20 83 59 84 14 5 22 65 62 53 64 29 37 29 4 2 3 31 1 5 96 92 69 98
