1000 0 1999
0 1 1000
0 2 1000
0 3 1000
0 4 1000
0 5 1000
0 6 1000
0 7 1000
0 8 1000
0 9 1000
0 10 1000
0 11 1000
0 12 1000
0 13 1000
0 14 1000
0 15 1000
0 16 1000
0 17 1000
0 18 1000
0 19 1000
0 20 1000
0 21 1000
0 22 1000
0 23 1000
0 24 1000
0 25 1000
0 26 1000
0 27 1000
0 28 1000
0 29 1000
0 30 1000
0 31 1000
0 32 1000
0 33 1000
0 34 1000
0 35 1000
0 36 1000
0 37 1000
0 38 1000
0 39 1000
0 40 1000
0 41 1000
0 42 1000
0 43 1000
0 44 1000
0 45 1000
0 46 1000
0 47 1000
0 48 1000
0 49 1000
0 50 1000
0 51 1000
0 52 1000
0 53 1000
0 54 1000
0 55 1000
0 56 1000
0 57 1000
0 58 1000
0 59 1000
0 60 1000
0 61 1000
0 62 1000
0 63 1000
0 64 1000
0 65 1000
0 66 1000
0 67 1000
0 68 1000
0 69 1000
0 70 1000
0 71 1000
0 72 1000
0 73 1000
0 74 1000
0 75 1000
0 76 1000
0 77 1000
0 78 1000
0 79 1000
0 80 1000
0 81 1000
0 82 1000
0 83 1000
0 84 1000
0 85 1000
0 86 1000
0 87 1000
0 88 1000
0 89 1000
0 90 1000
0 91 1000
0 92 1000
0 93 1000
0 94 1000
0 95 1000
0 96 1000
0 97 1000
0 98 1000
0 99 1000
0 100 1000
0 101 1000
0 102 1000
0 103 1000
0 104 1000
0 105 1000
0 106 1000
0 107 1000
0 108 1000
0 109 1000
0 110 1000
0 111 1000
0 112 1000
0 113 1000
0 114 1000
0 115 1000
0 116 1000
0 117 1000
0 118 1000
0 119 1000
0 120 1000
0 121 1000
0 122 1000
0 123 1000
0 124 1000
0 125 1000
0 126 1000
0 127 1000
0 128 1000
0 129 1000
0 130 1000
0 131 1000
0 132 1000
0 133 1000
0 134 1000
0 135 1000
0 136 1000
0 137 1000
0 138 1000
0 139 1000
0 140 1000
0 141 1000
0 142 1000
0 143 1000
0 144 1000
0 145 1000
0 146 1000
0 147 1000
0 148 1000
0 149 1000
0 150 1000
0 151 1000
0 152 1000
0 153 1000
0 154 1000
0 155 1000
0 156 1000
0 157 1000
0 158 1000
0 159 1000
0 160 1000
0 161 1000
0 162 1000
0 163 1000
0 164 1000
0 165 1000
0 166 1000
0 167 1000
0 168 1000
0 169 1000
0 170 1000
0 171 1000
0 172 1000
0 173 1000
0 174 1000
0 175 1000
0 176 1000
0 177 1000
0 178 1000
0 179 1000
0 180 1000
0 181 1000
0 182 1000
0 183 1000
0 184 1000
0 185 1000
0 186 1000
0 187 1000
0 188 1000
0 189 1000
0 190 1000
0 191 1000
0 192 1000
0 193 1000
0 194 1000
0 195 1000
0 196 1000
0 197 1000
0 198 1000
0 199 1000
0 200 1000
0 201 1000
0 202 1000
0 203 1000
0 204 1000
0 205 1000
0 206 1000
0 207 1000
0 208 1000
0 209 1000
0 210 1000
0 211 1000
0 212 1000
0 213 1000
0 214 1000
0 215 1000
0 216 1000
0 217 1000
0 218 1000
0 219 1000
0 220 1000
0 221 1000
0 222 1000
0 223 1000
0 224 1000
0 225 1000
0 226 1000
0 227 1000
0 228 1000
0 229 1000
0 230 1000
0 231 1000
0 232 1000
0 233 1000
0 234 1000
0 235 1000
0 236 1000
0 237 1000
0 238 1000
0 239 1000
0 240 1000
0 241 1000
0 242 1000
0 243 1000
0 244 1000
0 245 1000
0 246 1000
0 247 1000
0 248 1000
0 249 1000
0 250 1000
0 251 1000
0 252 1000
0 253 1000
0 254 1000
0 255 1000
0 256 1000
0 257 1000
0 258 1000
0 259 1000
0 260 1000
0 261 1000
0 262 1000
0 263 1000
0 264 1000
0 265 1000
0 266 1000
0 267 1000
0 268 1000
0 269 1000
0 270 1000
0 271 1000
0 272 1000
0 273 1000
0 274 1000
0 275 1000
0 276 1000
0 277 1000
0 278 1000
0 279 1000
0 280 1000
0 281 1000
0 282 1000
0 283 1000
0 284 1000
0 285 1000
0 286 1000
0 287 1000
0 288 1000
0 289 1000
0 290 1000
0 291 1000
0 292 1000
0 293 1000
0 294 1000
0 295 1000
0 296 1000
0 297 1000
0 298 1000
0 299 1000
0 300 1000
0 301 1000
0 302 1000
0 303 1000
0 304 1000
0 305 1000
0 306 1000
0 307 1000
0 308 1000
0 309 1000
0 310 1000
0 311 1000
0 312 1000
0 313 1000
0 314 1000
0 315 1000
0 316 1000
0 317 1000
0 318 1000
0 319 1000
0 320 1000
0 321 1000
0 322 1000
0 323 1000
0 324 1000
0 325 1000
0 326 1000
0 327 1000
0 328 1000
0 329 1000
0 330 1000
0 331 1000
0 332 1000
0 333 1000
0 334 1000
0 335 1000
0 336 1000
0 337 1000
0 338 1000
0 339 1000
0 340 1000
0 341 1000
0 342 1000
0 343 1000
0 344 1000
0 345 1000
0 346 1000
0 347 1000
0 348 1000
0 349 1000
0 350 1000
0 351 1000
0 352 1000
0 353 1000
0 354 1000
0 355 1000
0 356 1000
0 357 1000
0 358 1000
0 359 1000
0 360 1000
0 361 1000
0 362 1000
0 363 1000
0 364 1000
0 365 1000
0 366 1000
0 367 1000
0 368 1000
0 369 1000
0 370 1000
0 371 1000
0 372 1000
0 373 1000
0 374 1000
0 375 1000
0 376 1000
0 377 1000
0 378 1000
0 379 1000
0 380 1000
0 381 1000
0 382 1000
0 383 1000
0 384 1000
0 385 1000
0 386 1000
0 387 1000
0 388 1000
0 389 1000
0 390 1000
0 391 1000
0 392 1000
0 393 1000
0 394 1000
0 395 1000
0 396 1000
0 397 1000
0 398 1000
0 399 1000
0 400 1000
0 401 1000
0 402 1000
0 403 1000
0 404 1000
0 405 1000
0 406 1000
0 407 1000
0 408 1000
0 409 1000
0 410 1000
0 411 1000
0 412 1000
0 413 1000
0 414 1000
0 415 1000
0 416 1000
0 417 1000
0 418 1000
0 419 1000
0 420 1000
0 421 1000
0 422 1000
0 423 1000
0 424 1000
0 425 1000
0 426 1000
0 427 1000
0 428 1000
0 429 1000
0 430 1000
0 431 1000
0 432 1000
0 433 1000
0 434 1000
0 435 1000
0 436 1000
0 437 1000
0 438 1000
0 439 1000
0 440 1000
0 441 1000
0 442 1000
0 443 1000
0 444 1000
0 445 1000
0 446 1000
0 447 1000
0 448 1000
0 449 1000
0 450 1000
0 451 1000
0 452 1000
0 453 1000
0 454 1000
0 455 1000
0 456 1000
0 457 1000
0 458 1000
0 459 1000
0 460 1000
0 461 1000
0 462 1000
0 463 1000
0 464 1000
0 465 1000
0 466 1000
0 467 1000
0 468 1000
0 469 1000
0 470 1000
0 471 1000
0 472 1000
0 473 1000
0 474 1000
0 475 1000
0 476 1000
0 477 1000
0 478 1000
0 479 1000
0 480 1000
0 481 1000
0 482 1000
0 483 1000
0 484 1000
0 485 1000
0 486 1000
0 487 1000
0 488 1000
0 489 1000
0 490 1000
0 491 1000
0 492 1000
0 493 1000
0 494 1000
0 495 1000
0 496 1000
0 497 1000
0 498 1000
0 499 1000
0 500 1000
0 501 1000
0 502 1000
0 503 1000
0 504 1000
0 505 1000
0 506 1000
0 507 1000
0 508 1000
0 509 1000
0 510 1000
0 511 1000
0 512 1000
0 513 1000
0 514 1000
0 515 1000
0 516 1000
0 517 1000
0 518 1000
0 519 1000
0 520 1000
0 521 1000
0 522 1000
0 523 1000
0 524 1000
0 525 1000
0 526 1000
0 527 1000
0 528 1000
0 529 1000
0 530 1000
0 531 1000
0 532 1000
0 533 1000
0 534 1000
0 535 1000
0 536 1000
0 537 1000
0 538 1000
0 539 1000
0 540 1000
0 541 1000
0 542 1000
0 543 1000
0 544 1000
0 545 1000
0 546 1000
0 547 1000
0 548 1000
0 549 1000
0 550 1000
0 551 1000
0 552 1000
0 553 1000
0 554 1000
0 555 1000
0 556 1000
0 557 1000
0 558 1000
0 559 1000
0 560 1000
0 561 1000
0 562 1000
0 563 1000
0 564 1000
0 565 1000
0 566 1000
0 567 1000
0 568 1000
0 569 1000
0 570 1000
0 571 1000
0 572 1000
0 573 1000
0 574 1000
0 575 1000
0 576 1000
0 577 1000
0 578 1000
0 579 1000
0 580 1000
0 581 1000
0 582 1000
0 583 1000
0 584 1000
0 585 1000
0 586 1000
0 587 1000
0 588 1000
0 589 1000
0 590 1000
0 591 1000
0 592 1000
0 593 1000
0 594 1000
0 595 1000
0 596 1000
0 597 1000
0 598 1000
0 599 1000
0 600 1000
0 601 1000
0 602 1000
0 603 1000
0 604 1000
0 605 1000
0 606 1000
0 607 1000
0 608 1000
0 609 1000
0 610 1000
0 611 1000
0 612 1000
0 613 1000
0 614 1000
0 615 1000
0 616 1000
0 617 1000
0 618 1000
0 619 1000
0 620 1000
0 621 1000
0 622 1000
0 623 1000
0 624 1000
0 625 1000
0 626 1000
0 627 1000
0 628 1000
0 629 1000
0 630 1000
0 631 1000
0 632 1000
0 633 1000
0 634 1000
0 635 1000
0 636 1000
0 637 1000
0 638 1000
0 639 1000
0 640 1000
0 641 1000
0 642 1000
0 643 1000
0 644 1000
0 645 1000
0 646 1000
0 647 1000
0 648 1000
0 649 1000
0 650 1000
0 651 1000
0 652 1000
0 653 1000
0 654 1000
0 655 1000
0 656 1000
0 657 1000
0 658 1000
0 659 1000
0 660 1000
0 661 1000
0 662 1000
0 663 1000
0 664 1000
0 665 1000
0 666 1000
0 667 1000
0 668 1000
0 669 1000
0 670 1000
0 671 1000
0 672 1000
0 673 1000
0 674 1000
0 675 1000
0 676 1000
0 677 1000
0 678 1000
0 679 1000
0 680 1000
0 681 1000
0 682 1000
0 683 1000
0 684 1000
0 685 1000
0 686 1000
0 687 1000
0 688 1000
0 689 1000
0 690 1000
0 691 1000
0 692 1000
0 693 1000
0 694 1000
0 695 1000
0 696 1000
0 697 1000
0 698 1000
0 699 1000
0 700 1000
0 701 1000
0 702 1000
0 703 1000
0 704 1000
0 705 1000
0 706 1000
0 707 1000
0 708 1000
0 709 1000
0 710 1000
0 711 1000
0 712 1000
0 713 1000
0 714 1000
0 715 1000
0 716 1000
0 717 1000
0 718 1000
0 719 1000
0 720 1000
0 721 1000
0 722 1000
0 723 1000
0 724 1000
0 725 1000
0 726 1000
0 727 1000
0 728 1000
0 729 1000
0 730 1000
0 731 1000
0 732 1000
0 733 1000
0 734 1000
0 735 1000
0 736 1000
0 737 1000
0 738 1000
0 739 1000
0 740 1000
0 741 1000
0 742 1000
0 743 1000
0 744 1000
0 745 1000
0 746 1000
0 747 1000
0 748 1000
0 749 1000
0 750 1000
0 751 1000
0 752 1000
0 753 1000
0 754 1000
0 755 1000
0 756 1000
0 757 1000
0 758 1000
0 759 1000
0 760 1000
0 761 1000
0 762 1000
0 763 1000
0 764 1000
0 765 1000
0 766 1000
0 767 1000
0 768 1000
0 769 1000
0 770 1000
0 771 1000
0 772 1000
0 773 1000
0 774 1000
0 775 1000
0 776 1000
0 777 1000
0 778 1000
0 779 1000
0 780 1000
0 781 1000
0 782 1000
0 783 1000
0 784 1000
0 785 1000
0 786 1000
0 787 1000
0 788 1000
0 789 1000
0 790 1000
0 791 1000
0 792 1000
0 793 1000
0 794 1000
0 795 1000
0 796 1000
0 797 1000
0 798 1000
0 799 1000
0 800 1000
0 801 1000
0 802 1000
0 803 1000
0 804 1000
0 805 1000
0 806 1000
0 807 1000
0 808 1000
0 809 1000
0 810 1000
0 811 1000
0 812 1000
0 813 1000
0 814 1000
0 815 1000
0 816 1000
0 817 1000
0 818 1000
0 819 1000
0 820 1000
0 821 1000
0 822 1000
0 823 1000
0 824 1000
0 825 1000
0 826 1000
0 827 1000
0 828 1000
0 829 1000
0 830 1000
0 831 1000
0 832 1000
0 833 1000
0 834 1000
0 835 1000
0 836 1000
0 837 1000
0 838 1000
0 839 1000
0 840 1000
0 841 1000
0 842 1000
0 843 1000
0 844 1000
0 845 1000
0 846 1000
0 847 1000
0 848 1000
0 849 1000
0 850 1000
0 851 1000
0 852 1000
0 853 1000
0 854 1000
0 855 1000
0 856 1000
0 857 1000
0 858 1000
0 859 1000
0 860 1000
0 861 1000
0 862 1000
0 863 1000
0 864 1000
0 865 1000
0 866 1000
0 867 1000
0 868 1000
0 869 1000
0 870 1000
0 871 1000
0 872 1000
0 873 1000
0 874 1000
0 875 1000
0 876 1000
0 877 1000
0 878 1000
0 879 1000
0 880 1000
0 881 1000
0 882 1000
0 883 1000
0 884 1000
0 885 1000
0 886 1000
0 887 1000
0 888 1000
0 889 1000
0 890 1000
0 891 1000
0 892 1000
0 893 1000
0 894 1000
0 895 1000
0 896 1000
0 897 1000
0 898 1000
0 899 1000
0 900 1000
0 901 1000
0 902 1000
0 903 1000
0 904 1000
0 905 1000
0 906 1000
0 907 1000
0 908 1000
0 909 1000
0 910 1000
0 911 1000
0 912 1000
0 913 1000
0 914 1000
0 915 1000
0 916 1000
0 917 1000
0 918 1000
0 919 1000
0 920 1000
0 921 1000
0 922 1000
0 923 1000
0 924 1000
0 925 1000
0 926 1000
0 927 1000
0 928 1000
0 929 1000
0 930 1000
0 931 1000
0 932 1000
0 933 1000
0 934 1000
0 935 1000
0 936 1000
0 937 1000
0 938 1000
0 939 1000
0 940 1000
0 941 1000
0 942 1000
0 943 1000
0 944 1000
0 945 1000
0 946 1000
0 947 1000
0 948 1000
0 949 1000
0 950 1000
0 951 1000
0 952 1000
0 953 1000
0 954 1000
0 955 1000
0 956 1000
0 957 1000
0 958 1000
0 959 1000
0 960 1000
0 961 1000
0 962 1000
0 963 1000
0 964 1000
0 965 1000
0 966 1000
0 967 1000
0 968 1000
0 969 1000
0 970 1000
0 971 1000
0 972 1000
0 973 1000
0 974 1000
0 975 1000
0 976 1000
0 977 1000
0 978 1000
0 979 1000
0 980 1000
0 981 1000
0 982 1000
0 983 1000
0 984 1000
0 985 1000
0 986 1000
0 987 1000
0 988 1000
0 989 1000
0 990 1000
0 991 1000
0 992 1000
0 993 1000
0 994 1000
0 995 1000
0 996 1000
0 997 1000
0 998 1000
0 999 1000
1 1 1000
1 2 1000
1 3 1000
1 4 1000
1 5 1000
1 6 1000
1 7 1000
1 8 1000
1 9 1000
1 10 1000
1 11 1000
1 12 1000
1 13 1000
1 14 1000
1 15 1000
1 16 1000
1 17 1000
1 18 1000
1 19 1000
1 20 1000
1 21 1000
1 22 1000
1 23 1000
1 24 1000
1 25 1000
1 26 1000
1 27 1000
1 28 1000
1 29 1000
1 30 1000
1 31 1000
1 32 1000
1 33 1000
1 34 1000
1 35 1000
1 36 1000
1 37 1000
1 38 1000
1 39 1000
1 40 1000
1 41 1000
1 42 1000
1 43 1000
1 44 1000
1 45 1000
1 46 1000
1 47 1000
1 48 1000
1 49 1000
1 50 1000
1 51 1000
1 52 1000
1 53 1000
1 54 1000
1 55 1000
1 56 1000
1 57 1000
1 58 1000
1 59 1000
1 60 1000
1 61 1000
1 62 1000
1 63 1000
1 64 1000
1 65 1000
1 66 1000
1 67 1000
1 68 1000
1 69 1000
1 70 1000
1 71 1000
1 72 1000
1 73 1000
1 74 1000
1 75 1000
1 76 1000
1 77 1000
1 78 1000
1 79 1000
1 80 1000
1 81 1000
1 82 1000
1 83 1000
1 84 1000
1 85 1000
1 86 1000
1 87 1000
1 88 1000
1 89 1000
1 90 1000
1 91 1000
1 92 1000
1 93 1000
1 94 1000
1 95 1000
1 96 1000
1 97 1000
1 98 1000
1 99 1000
1 100 1000
1 101 1000
1 102 1000
1 103 1000
1 104 1000
1 105 1000
1 106 1000
1 107 1000
1 108 1000
1 109 1000
1 110 1000
1 111 1000
1 112 1000
1 113 1000
1 114 1000
1 115 1000
1 116 1000
1 117 1000
1 118 1000
1 119 1000
1 120 1000
1 121 1000
1 122 1000
1 123 1000
1 124 1000
1 125 1000
1 126 1000
1 127 1000
1 128 1000
1 129 1000
1 130 1000
1 131 1000
1 132 1000
1 133 1000
1 134 1000
1 135 1000
1 136 1000
1 137 1000
1 138 1000
1 139 1000
1 140 1000
1 141 1000
1 142 1000
1 143 1000
1 144 1000
1 145 1000
1 146 1000
1 147 1000
1 148 1000
1 149 1000
1 150 1000
1 151 1000
1 152 1000
1 153 1000
1 154 1000
1 155 1000
1 156 1000
1 157 1000
1 158 1000
1 159 1000
1 160 1000
1 161 1000
1 162 1000
1 163 1000
1 164 1000
1 165 1000
1 166 1000
1 167 1000
1 168 1000
1 169 1000
1 170 1000
1 171 1000
1 172 1000
1 173 1000
1 174 1000
1 175 1000
1 176 1000
1 177 1000
1 178 1000
1 179 1000
1 180 1000
1 181 1000
1 182 1000
1 183 1000
1 184 1000
1 185 1000
1 186 1000
1 187 1000
1 188 1000
1 189 1000
1 190 1000
1 191 1000
1 192 1000
1 193 1000
1 194 1000
1 195 1000
1 196 1000
1 197 1000
1 198 1000
1 199 1000
1 200 1000
1 201 1000
1 202 1000
1 203 1000
1 204 1000
1 205 1000
1 206 1000
1 207 1000
1 208 1000
1 209 1000
1 210 1000
1 211 1000
1 212 1000
1 213 1000
1 214 1000
1 215 1000
1 216 1000
1 217 1000
1 218 1000
1 219 1000
1 220 1000
1 221 1000
1 222 1000
1 223 1000
1 224 1000
1 225 1000
1 226 1000
1 227 1000
1 228 1000
1 229 1000
1 230 1000
1 231 1000
1 232 1000
1 233 1000
1 234 1000
1 235 1000
1 236 1000
1 237 1000
1 238 1000
1 239 1000
1 240 1000
1 241 1000
1 242 1000
1 243 1000
1 244 1000
1 245 1000
1 246 1000
1 247 1000
1 248 1000
1 249 1000
1 250 1000
1 251 1000
1 252 1000
1 253 1000
1 254 1000
1 255 1000
1 256 1000
1 257 1000
1 258 1000
1 259 1000
1 260 1000
1 261 1000
1 262 1000
1 263 1000
1 264 1000
1 265 1000
1 266 1000
1 267 1000
1 268 1000
1 269 1000
1 270 1000
1 271 1000
1 272 1000
1 273 1000
1 274 1000
1 275 1000
1 276 1000
1 277 1000
1 278 1000
1 279 1000
1 280 1000
1 281 1000
1 282 1000
1 283 1000
1 284 1000
1 285 1000
1 286 1000
1 287 1000
1 288 1000
1 289 1000
1 290 1000
1 291 1000
1 292 1000
1 293 1000
1 294 1000
1 295 1000
1 296 1000
1 297 1000
1 298 1000
1 299 1000
1 300 1000
1 301 1000
1 302 1000
1 303 1000
1 304 1000
1 305 1000
1 306 1000
1 307 1000
1 308 1000
1 309 1000
1 310 1000
1 311 1000
1 312 1000
1 313 1000
1 314 1000
1 315 1000
1 316 1000
1 317 1000
1 318 1000
1 319 1000
1 320 1000
1 321 1000
1 322 1000
1 323 1000
1 324 1000
1 325 1000
1 326 1000
1 327 1000
1 328 1000
1 329 1000
1 330 1000
1 331 1000
1 332 1000
1 333 1000
1 334 1000
1 335 1000
1 336 1000
1 337 1000
1 338 1000
1 339 1000
1 340 1000
1 341 1000
1 342 1000
1 343 1000
1 344 1000
1 345 1000
1 346 1000
1 347 1000
1 348 1000
1 349 1000
1 350 1000
1 351 1000
1 352 1000
1 353 1000
1 354 1000
1 355 1000
1 356 1000
1 357 1000
1 358 1000
1 359 1000
1 360 1000
1 361 1000
1 362 1000
1 363 1000
1 364 1000
1 365 1000
1 366 1000
1 367 1000
1 368 1000
1 369 1000
1 370 1000
1 371 1000
1 372 1000
1 373 1000
1 374 1000
1 375 1000
1 376 1000
1 377 1000
1 378 1000
1 379 1000
1 380 1000
1 381 1000
1 382 1000
1 383 1000
1 384 1000
1 385 1000
1 386 1000
1 387 1000
1 388 1000
1 389 1000
1 390 1000
1 391 1000
1 392 1000
1 393 1000
1 394 1000
1 395 1000
1 396 1000
1 397 1000
1 398 1000
1 399 1000
1 400 1000
1 401 1000
1 402 1000
1 403 1000
1 404 1000
1 405 1000
1 406 1000
1 407 1000
1 408 1000
1 409 1000
1 410 1000
1 411 1000
1 412 1000
1 413 1000
1 414 1000
1 415 1000
1 416 1000
1 417 1000
1 418 1000
1 419 1000
1 420 1000
1 421 1000
1 422 1000
1 423 1000
1 424 1000
1 425 1000
1 426 1000
1 427 1000
1 428 1000
1 429 1000
1 430 1000
1 431 1000
1 432 1000
1 433 1000
1 434 1000
1 435 1000
1 436 1000
1 437 1000
1 438 1000
1 439 1000
1 440 1000
1 441 1000
1 442 1000
1 443 1000
1 444 1000
1 445 1000
1 446 1000
1 447 1000
1 448 1000
1 449 1000
1 450 1000
1 451 1000
1 452 1000
1 453 1000
1 454 1000
1 455 1000
1 456 1000
1 457 1000
1 458 1000
1 459 1000
1 460 1000
1 461 1000
1 462 1000
1 463 1000
1 464 1000
1 465 1000
1 466 1000
1 467 1000
1 468 1000
1 469 1000
1 470 1000
1 471 1000
1 472 1000
1 473 1000
1 474 1000
1 475 1000
1 476 1000
1 477 1000
1 478 1000
1 479 1000
1 480 1000
1 481 1000
1 482 1000
1 483 1000
1 484 1000
1 485 1000
1 486 1000
1 487 1000
1 488 1000
1 489 1000
1 490 1000
1 491 1000
1 492 1000
1 493 1000
1 494 1000
1 495 1000
1 496 1000
1 497 1000
1 498 1000
1 499 1000
1 500 1000
1 501 1000
1 502 1000
1 503 1000
1 504 1000
1 505 1000
1 506 1000
1 507 1000
1 508 1000
1 509 1000
1 510 1000
1 511 1000
1 512 1000
1 513 1000
1 514 1000
1 515 1000
1 516 1000
1 517 1000
1 518 1000
1 519 1000
1 520 1000
1 521 1000
1 522 1000
1 523 1000
1 524 1000
1 525 1000
1 526 1000
1 527 1000
1 528 1000
1 529 1000
1 530 1000
1 531 1000
1 532 1000
1 533 1000
1 534 1000
1 535 1000
1 536 1000
1 537 1000
1 538 1000
1 539 1000
1 540 1000
1 541 1000
1 542 1000
1 543 1000
1 544 1000
1 545 1000
1 546 1000
1 547 1000
1 548 1000
1 549 1000
1 550 1000
1 551 1000
1 552 1000
1 553 1000
1 554 1000
1 555 1000
1 556 1000
1 557 1000
1 558 1000
1 559 1000
1 560 1000
1 561 1000
1 562 1000
1 563 1000
1 564 1000
1 565 1000
1 566 1000
1 567 1000
1 568 1000
1 569 1000
1 570 1000
1 571 1000
1 572 1000
1 573 1000
1 574 1000
1 575 1000
1 576 1000
1 577 1000
1 578 1000
1 579 1000
1 580 1000
1 581 1000
1 582 1000
1 583 1000
1 584 1000
1 585 1000
1 586 1000
1 587 1000
1 588 1000
1 589 1000
1 590 1000
1 591 1000
1 592 1000
1 593 1000
1 594 1000
1 595 1000
1 596 1000
1 597 1000
1 598 1000
1 599 1000
1 600 1000
1 601 1000
1 602 1000
1 603 1000
1 604 1000
1 605 1000
1 606 1000
1 607 1000
1 608 1000
1 609 1000
1 610 1000
1 611 1000
1 612 1000
1 613 1000
1 614 1000
1 615 1000
1 616 1000
1 617 1000
1 618 1000
1 619 1000
1 620 1000
1 621 1000
1 622 1000
1 623 1000
1 624 1000
1 625 1000
1 626 1000
1 627 1000
1 628 1000
1 629 1000
1 630 1000
1 631 1000
1 632 1000
1 633 1000
1 634 1000
1 635 1000
1 636 1000
1 637 1000
1 638 1000
1 639 1000
1 640 1000
1 641 1000
1 642 1000
1 643 1000
1 644 1000
1 645 1000
1 646 1000
1 647 1000
1 648 1000
1 649 1000
1 650 1000
1 651 1000
1 652 1000
1 653 1000
1 654 1000
1 655 1000
1 656 1000
1 657 1000
1 658 1000
1 659 1000
1 660 1000
1 661 1000
1 662 1000
1 663 1000
1 664 1000
1 665 1000
1 666 1000
1 667 1000
1 668 1000
1 669 1000
1 670 1000
1 671 1000
1 672 1000
1 673 1000
1 674 1000
1 675 1000
1 676 1000
1 677 1000
1 678 1000
1 679 1000
1 680 1000
1 681 1000
1 682 1000
1 683 1000
1 684 1000
1 685 1000
1 686 1000
1 687 1000
1 688 1000
1 689 1000
1 690 1000
1 691 1000
1 692 1000
1 693 1000
1 694 1000
1 695 1000
1 696 1000
1 697 1000
1 698 1000
1 699 1000
1 700 1000
1 701 1000
1 702 1000
1 703 1000
1 704 1000
1 705 1000
1 706 1000
1 707 1000
1 708 1000
1 709 1000
1 710 1000
1 711 1000
1 712 1000
1 713 1000
1 714 1000
1 715 1000
1 716 1000
1 717 1000
1 718 1000
1 719 1000
1 720 1000
1 721 1000
1 722 1000
1 723 1000
1 724 1000
1 725 1000
1 726 1000
1 727 1000
1 728 1000
1 729 1000
1 730 1000
1 731 1000
1 732 1000
1 733 1000
1 734 1000
1 735 1000
1 736 1000
1 737 1000
1 738 1000
1 739 1000
1 740 1000
1 741 1000
1 742 1000
1 743 1000
1 744 1000
1 745 1000
1 746 1000
1 747 1000
1 748 1000
1 749 1000
1 750 1000
1 751 1000
1 752 1000
1 753 1000
1 754 1000
1 755 1000
1 756 1000
1 757 1000
1 758 1000
1 759 1000
1 760 1000
1 761 1000
1 762 1000
1 763 1000
1 764 1000
1 765 1000
1 766 1000
1 767 1000
1 768 1000
1 769 1000
1 770 1000
1 771 1000
1 772 1000
1 773 1000
1 774 1000
1 775 1000
1 776 1000
1 777 1000
1 778 1000
1 779 1000
1 780 1000
1 781 1000
1 782 1000
1 783 1000
1 784 1000
1 785 1000
1 786 1000
1 787 1000
1 788 1000
1 789 1000
1 790 1000
1 791 1000
1 792 1000
1 793 1000
1 794 1000
1 795 1000
1 796 1000
1 797 1000
1 798 1000
1 799 1000
1 800 1000
1 801 1000
1 802 1000
1 803 1000
1 804 1000
1 805 1000
1 806 1000
1 807 1000
1 808 1000
1 809 1000
1 810 1000
1 811 1000
1 812 1000
1 813 1000
1 814 1000
1 815 1000
1 816 1000
1 817 1000
1 818 1000
1 819 1000
1 820 1000
1 821 1000
1 822 1000
1 823 1000
1 824 1000
1 825 1000
1 826 1000
1 827 1000
1 828 1000
1 829 1000
1 830 1000
1 831 1000
1 832 1000
1 833 1000
1 834 1000
1 835 1000
1 836 1000
1 837 1000
1 838 1000
1 839 1000
1 840 1000
1 841 1000
1 842 1000
1 843 1000
1 844 1000
1 845 1000
1 846 1000
1 847 1000
1 848 1000
1 849 1000
1 850 1000
1 851 1000
1 852 1000
1 853 1000
1 854 1000
1 855 1000
1 856 1000
1 857 1000
1 858 1000
1 859 1000
1 860 1000
1 861 1000
1 862 1000
1 863 1000
1 864 1000
1 865 1000
1 866 1000
1 867 1000
1 868 1000
1 869 1000
1 870 1000
1 871 1000
1 872 1000
1 873 1000
1 874 1000
1 875 1000
1 876 1000
1 877 1000
1 878 1000
1 879 1000
1 880 1000
1 881 1000
1 882 1000
1 883 1000
1 884 1000
1 885 1000
1 886 1000
1 887 1000
1 888 1000
1 889 1000
1 890 1000
1 891 1000
1 892 1000
1 893 1000
1 894 1000
1 895 1000
1 896 1000
1 897 1000
1 898 1000
1 899 1000
1 900 1000
1 901 1000
1 902 1000
1 903 1000
1 904 1000
1 905 1000
1 906 1000
1 907 1000
1 908 1000
1 909 1000
1 910 1000
1 911 1000
1 912 1000
1 913 1000
1 914 1000
1 915 1000
1 916 1000
1 917 1000
1 918 1000
1 919 1000
1 920 1000
1 921 1000
1 922 1000
1 923 1000
1 924 1000
1 925 1000
1 926 1000
1 927 1000
1 928 1000
1 929 1000
1 930 1000
1 931 1000
1 932 1000
1 933 1000
1 934 1000
1 935 1000
1 936 1000
1 937 1000
1 938 1000
1 939 1000
1 940 1000
1 941 1000
1 942 1000
1 943 1000
1 944 1000
1 945 1000
1 946 1000
1 947 1000
1 948 1000
1 949 1000
1 950 1000
1 951 1000
1 952 1000
1 953 1000
1 954 1000
1 955 1000
1 956 1000
1 957 1000
1 958 1000
1 959 1000
1 960 1000
1 961 1000
1 962 1000
1 963 1000
1 964 1000
1 965 1000
1 966 1000
1 967 1000
1 968 1000
1 969 1000
1 970 1000
1 971 1000
1 972 1000
1 973 1000
1 974 1000
1 975 1000
1 976 1000
1 977 1000
1 978 1000
1 979 1000
1 980 1000
1 981 1000
1 982 1000
1 983 1000
1 984 1000
1 985 1000
1 986 1000
1 987 1000
1 988 1000
1 989 1000
1 990 1000
1 991 1000
1 992 1000
1 993 1000
1 994 1000
1 995 1000
1 996 1000
1 997 1000
1 998 1000
1 999 1000
2 999 1000
