100
2525 1
2400 5
300 2
120 60
60 90
138400175 15
107196551 1819
94392378 5486
103345044 4915
113719607 1099
60137172 712
118279862 7838
115660538 5016
31862664 2607
77644939 8824
110319403 9566
27014011 5757
92876753 4417
93784844 7543
54143619 8286
127838577 6534
160667611 69
135815920 1128
122012644 4613
53770725 6167
54748878 3546
65793960 713
140399877 6261
89965882 1886
65702766 1
118358820 5985
79503598 1723
107426376 2771
64056828 6151
54332864 5643
11295750 2700
71697904 3563
133352040 5174
138546791 3852
57234526 4009
42389925 9956
57225752 2092
129606043 3199
16830262 4249
1678571 3661
34976632 4996
102333129 9054
836563 515
62230178 1483
22750505 7254
21355477 5612
136478720 3375
144768957 3174
5593235 5550
41545136 4063
53222188 7113
116897773 3885
85248215 309
106611823 2423
30231444 5913
52750867 1033
99893843 1546
81747879 2344
158866517 8764
148976010 1737
62600847 6296
34828377 5862
90331968 9593
124447804 7187
4525446 8353
141524523 5542
35371058 7606
78211380 1854
32619341 4409
66683393 8037
158034433 1245
27993985 627
41295638 3530
65181470 1389
147670340 312
62703988 7723
71414859 8395
137478712 159
94082162 5376
134645653 9817
119024244 370
108272335 9932
45674551 4722
6264861 6789
58689008 8555
68919375 7372
1000000000 1
999999999 10000
477528893 4
110825971 3321
310607233 5197
383986701 8946
439065387 4506
640715235 32
180468040 8341
201906664 6464
365231891 2092
290253518 5947
414843556 2001
356194999 9889
286707912 7290
74674975 9487
546726262 9641
371689275 2762
52071618 4885
159377864 379
461949180 4545
583251039 94
272889864 4241
546508582 7614
535060039 5321
233884801 5863
157830326 9009
183602625 6838
424147525 6769
486901832 1424
65563474 997
501877927 7572
16832771 8330
274309783 6689
619105972 5724
459875562 5200
281550183 7811
100091993 4265
216218043 7597
570383501 648
100831171 59
31564302 3151
33723445 9488
66960519 7698
65502798 6115
9887499 377
68226068 8280
70915064 311
91610700 2298
10812121 7400
83414311 1542
40530703 6538
38194049 9366
12081059 9773
3877026 873
38293664 4676
47564480 2753
82336161 4799
42895600 7525
52100347 72
72901017 8885
72694977 4308
82123680 8065
60010381 6189
94253438 5906
51975073 2288
85765922 7060
94054306 4344
76065940 5015
59389612 4210
62204207 3659
28758951 483
10222793 5100
71084224 8055
73324928 8979
89942540 8968
51405082 1239
16225997 9777
81917007 9465
45591993 2776
55631168 9100
96012410 5952
100005295 929
66594082 349
2621662 5291
50734195 4707
61911572 8847
66133873 1184
49954308 2867
14972245 8853
63343960 5012
3780231 5648
76089617 9032
88214478 3702
47571501 8294
26525113 2090
15082565 4282
14352505 6454
12170528 1487
64485393 6492
200000 100
3860 10
3823 8
6174 10
9946 8
8744 6
1081 8
9604 2
1572 9
4539 9
4700 7
3429 3
9151 3
3726 5
8529 6
2399 6
5499 2
7850 2
8854 10
8904 7
9663 4
9684 2
9485 3
9947 1
1964 2
3990 6
4958 6
1842 5
694 7
4745 4
7819 8
7751 9
1406 8
9091 10
1484 9
8762 3
8428 5
7686 10
710 4
1274 3
6908 10
52 2
8124 10
9896 8
8842 9
938 4
3345 5
6493 8
1856 7
5661 6
1841 7
4261 7
3069 9
3555 10
7694 2
7130 4
6032 3
4549 4
7782 4
2639 2
7123 7
509 4
5190 10
7325 2
7319 7
4215 3
1680 5
7287 6
564 2
6094 4
4234 4
1212 10
4471 7
7886 7
8075 10
9483 3
2412 6
7180 3
9781 6
1663 4
4968 3
7129 2
7733 10
4848 10
160 8
5000 9
8804 3
9198 3
5068 9
5629 3
7128 3
7354 7
5482 4
5502 9
1099 2
3220 9
9055 4
1661 6
7972 9
5820 4
220 8
247256091 2
75006561 9687
111369522 953
1000000000 1
999999999 1
169971092 41
30606726 7107
134093556 7305
69226268 421
125083352 6976
163333106 539
70645972 1104
29201093 6474
28614644 7672
77901809 3371
43984198 767
160735414 7173
107083846 9647
99001927 9612
151749888 5734
41113254 6464
65676159 6534
102819248 3388
151723461 9460
43109512 6986
101019134 42
151620064 485
23107568 9823
120075379 8416
85900351 6233
34748786 1381
37803166 6569
65518611 5533
33994217 6183
124871501 455
84526339 8263
79498485 2493
110894956 52
74989927 7529
68899871 8123
10117253 4261
97000866 4087
124049463 1922
6682665 1363
111434243 5608
51150007 4817
134576678 8975
207033352 21
11538433 9945
13169510 8180
33935317 4178
65408106 6686
75115602 9536
57154598 8460
76559443 1562
118770605 1289
98565442 9379
55900264 651
84984087 9800
71987531 1141
134253928 6115
192576191 5931
91625792 417
182790493 171
18683418 9387
141951315 4332
59869884 2017
183617698 3412
127507853 6714
540281504 100
19351840 5954
538802948 2993
414082783 1618
72333670 1684
468277028 6262
525248515 3825
185971331 7747
244541400 7006
259736070 2967
61740904 6708
456455665 3037
472765355 6320
94620521 2514
420447738 2162
520231120 7095
324750758 8227
102680030 9083
315023576 9723
490875070 7319
152649523 6059
82440667 3520
165096133 5978
262853244 9207
478248831 9201
123034975 9495
256696847 891
11396689 9912
475888840 9263
511275323 553
20790717 3123
426489964 8685
203169984 309
468586252 7871
268621085 6170
338866030 3672
373143172 4789
459216290 4158
339107031 1282
344483340 5129
398986303 6170
513381180 575
166918201 3682
101682693 777
521254439 6843
236186297 6679
304916400 6454
31702255 5586
98077820 1888
302083297 6436
289394372 4140
26693799 2339
22873939 5637
344260127 1960
287779503 2030
52171227 4724
372882649 4054
422318263 4199
37883555 6272
481494116 8552
476383982 6725
394803025 2885
214645028 1823
340286971 8763
473909577 1106
488247603 417
139236467 5157
493781964 2353
462479418 4964
136092889 5340
368386354 4506
22598716 2695
315287696 4988
119649238 9041
261828938 567
492017725 5087
76919739 3983
352321599 2695
529766337 8007
16148633 248
489264424 7296
420085938 3572
340816811 8525
363881451 6262
496806771 9536
275463072 2762
423340074 71
58300462 856
233377602 9493
53357636 2175
36093261 3952
324436083 5595
300169393 5316
480495048 6348
335926291 5583
113972099 792
373136796 4351
84353423 2292
284793503 2021
374707976 4169
171488882 1281
248106867 85
114944144 6741
153483501 7305
126475870 3223
147562905 5734
173886388 536
100515196 1067
71873683 1579
190975049 203
96001441 5305
59031752 9413
212928429 3228
135374163 9153
216732745 2413
215048656 6733
240163900 5831
73674369 7237
215891570 2995
122771712 948
127000051 1894
127318496 2753
127079352 906
108045141 2361
221020783 9674
133410069 5634
18371771 6223
42202321 8304
66493090 919
66007848 5021
36211346 3145
137420310 6569
216090140 2379
124492911 9284
66635803 7691
184249374 2538
202075142 3927
138083718 4867
165773557 2929
147914045 9892
25759994 8273
104575855 9457
200641014 3836
198109489 8539
5474569 7216
72403569 7188
193624937 227
2374585 8449
90700150 1699
94584010 121
204243062 9243
156108649 4227
45944360 8136
10214740 3603
81758260 7190
198483317 4769
132801019 8058
97347359 7023
230482517 5060
132086764 7708
54174423 9000
192630929 6922
53089517 1850
209273548 3675
132937711 1026
60191237 5922
178929842 82
212295029 1105
31397995 3021
47505744 6608
150774515 4125
45161883 3775
191155462 6797
160497379 7135
35451132 1717
59833053 7433
29374517 650
76953191 9683
209473209 2071
58777603 6980
244226411 8007
150262052 7085
179180005 8870
29531972 5886
92387726 2808
225771151 8249
67329202 1928
193379931 16
49855653 4429
64719106 7930
74489419 1281
146652762 4633
176768584 8625
161371 2078
144257242 3238
134280206 5763
54848664 8255
174591081 8770
111652563 1451
61732645 5072
146880038 9328
44898501 3135
159837877 5590
183000716 2127
210383197 5
129682877 1041
17148928 4382
190948766 1485
38584820 773
97133100 7646
354771049 60
280901738 6969
43324873 1364
301602766 3033
8508890 8967
33225061 9307
351981344 844
349908109 5893
265389340 9255
347678280 5219
28699074 5463
3413674 3076
255261875 8753
325921940 8242
36480762 3399
32982994 337
338072666 4407
291731493 6952
337948046 3647
68572416 2685
216449744 6093
100260637 5757
152568910 7799
252729945 7472
244661381 9277
145068794 1201
206922279 778
233155119 3032
174793619 7800
190999775 1695
287542913 823
349033309 509
138895519 7661
42406967 4443
43046651 2138
76537818 7295
314539973 5357
121253299 8798
77988070 9476
102656490 6950
297448557 1689
241787485 5086
257393473 8543
218071710 811
179333471 7997
175672153 9963
330615914 8930
212710496 5579
20957875 1024
52636908 4068
253853877 7847
94732601 2601
97248824 2475
67856397 7303
263220232 7236
299040834 5085
81635296 4094
250976434 2931
222877438 7421
244936199 6185
134345610 8120
835007205 20
684929777 7018
601777597 1776
792168615 330
681599206 4389
549374723 2553
506881390 5656
183721025 6092
51525660 8451
344147771 6204
5281727 4570
676467716 8275
164928054 9390
69862933 2656
199288997 8739
647653959 5200
552427000 4003
794270440 3151
634420779 7579
290487482 3832
274339416 1298
200000 100
2568 7
2431 10
4849 6
8791 5
9089 6
3743 2
3829 10
3075 4
8820 5
345 4
3410 7
9857 1
1361 8
5157 3
8036 10
3125 2
9856 4
5956 7
4248 5
7069 4
8432 9
4631 7
2017 2
4583 7
995 8
5456 10
9407 9
6307 6
2117 5
9459 3
6618 2
6568 6
8958 10
4775 3
2533 10
2120 6
340 2
5662 6
3446 2
2628 9
8387 10
8268 6
1898 6
1070 10
1449 7
8128 10
2385 7
7531 5
6938 2
4984 6
3345 4
3296 7
2483 6
1368 10
7723 10
5635 9
2835 5
1054 2
7010 4
877 9
9754 3
5196 10
8108 9
465 4
6160 6
1217 10
6302 2
276 5
6671 3
3806 9
6870 4
3218 9
4764 9
4064 8
1164 2
4429 6
258 9
9363 2
2931 10
386 3
349 2
4310 10
1066 5
5000 7
351 7
7107 10
6291 4
7052 5
9158 2
5826 5
5869 7
5924 7
1607 8
165 6
7340 3
6704 4
4872 10
1653 8
8666 4
1537 9
200000 100
963 7
3049 8
7782 6
6343 5
5572 7
2538 7
1984 9
1028 8
4442 8
2998 3
847 4
2605 3
9936 2
8057 3
7091 4
8760 5
5456 10
8684 8
1071 4
3188 10
7364 6
6887 10
3245 3
2304 7
9884 8
5180 4
645 3
6874 10
6458 4
4691 7
2873 10
1163 5
901 7
7654 7
1806 3
2579 7
5307 10
7287 10
1708 2
7512 3
9707 2
7420 5
5373 8
1918 2
4224 4
6375 4
9570 8
6929 8
273 6
6000 6
4046 2
7247 10
3015 10
6699 8
7300 3
3239 2
9497 2
1592 10
9612 5
1588 2
2610 5
2983 10
3149 2
4648 9
1 7
2668 8
6207 9
1692 3
7864 10
3124 6
558 10
4336 7
1440 5
6093 2
5000 9
243 5
9364 10
7984 10
1259 6
9837 7
9939 1
2186 3
6501 10
8785 7
913 6
1591 2
8330 7
3611 7
8187 3
9938 7
3837 8
8446 8
7084 4
7646 3
2401 6
9867 3
4303 3
1423 7
9393 7
4785 10
36987678 35
32204809 2165
19798836 4994
13216699 932
18666066 1637
261521 397
10167961 9894
34508821 5292
19552825 2223
4617898 2620
12624954 5670
9630084 197
26162136 1578
20642372 4835
13826066 6949
25491210 4626
33021227 5710
15145181 2599
3213360 8249
34672090 462
36206465 4294
1500022 854
28990408 2850
10270900 3299
5979033 6662
31917208 5227
36553381 2727
36023314 227
17126946 1197
33943489 2775
26661320 4702
21604678 7766
2128916 5413
651889 2252
32098125 4400
25330674 2755
2 1
1 1
531958905 42
191533952 8775
420691776 4579
261921843 8358
268607355 2104
355388708 3483
174211509 2767
410591523 2994
116402613 7859
54900801 9098
418074228 4869
233680799 3312
446230181 3546
455288255 3840
362035642 8489
244740137 5900
521502247 6389
106345155 9345
414299862 3071
145391929 7618
526309024 4472
504942141 6346
303303475 7342
310368063 6889
506918171 3524
441059584 3523
512869854 6761
269313078 6160
14583354 8139
38728542 343
328074614 1273
16647563 1633
134553436 8149
10456876 1534
195700042 3397
321068761 441
329610428 2739
204226224 5176
494716589 5747
107919555 211
378562901 5526
184675048 3593
58410590 2344
562336009 21
407763199 4358
331456215 6731
239709743 2323
152455906 7361
558492281 9500
287083681 6415
359222693 7140
72038339 9606
100207475 1916
368680700 8253
450492372 2959
248647090 1518
517893116 6115
39008442 7981
314607955 8797
185424437 7991
50159229 1812
537127175 6920
493687339 8707
383003746 1073
156172463 5019
837741991 5
780454377 9170
822452462 5034
670841328 2004
744611257 9636
23416672 9055
169461392 94
33242042 1364
27237213 6352
136025168 834
163431238 4305
68848995 2130
102556509 4448
12617305 1261
36386490 302
93293142 6212
149178478 8999
68852387 8330
15235581 4503
78980038 3691
162804077 1904
127516587 9363
58613264 2065
46746640 7782
108562805 1226
14706185 6417
17039512 3022
82801910 2920
4082639 2088
51272764 645
66800711 4273
42318280 4923
158226740 2838
66165496 2550
52849109 9106
20258571 2674
11488701 8213
29982519 7914
50471210 8980
91850518 4265
102515408 7142
166797841 8462
81531426 9839
168374805 8090
98685458 1900
136359442 6896
91480706 8914
78833894 705
79764545 2709
9675796 2044
3801533 3030
134573640 4148
61559449 7638
156687807 8736
54073652 2661
121278520 2095
47030798 2988
68629686 1174
95762294 1615
115468543 8078
134135058 5425
146643479 7618
3266914 7589
131094018 4840
19776893 7481
10628225 5860
120578191 9856
129857231 3252
131831098 3448
106192287 4077
96435997 9530
107226939 5354
153392661 4160
30812081 8761
49086203 6471
12925990 2270
27920752 9687
22731147 7771
117768640 6324
116216072 6965
95589666 8280
113387005 9104
99067918 1860
38064191 3922
139799706 4643
102202003 5317
7855768 694
49818322 1068
101137401 6618
56850936 8945
127419032 4654
127290467 5977
165548985 8316
134684557 5182
83298288 164
118952947 876
51205077 2723
118448459 574
76596389 1632
11228589 2184
55421971 3611
725667593 79
608353340 6898
255206144 9070
654066148 7809
300397262 7528
584569546 3664
310776400 7033
166984068 3900
273706382 837
122559460 8888
268035894 8812
387457636 2697
686841180 9763
372488578 542
385615621 7648
699764166 1295
665004679 2268
564749949 9174
23443540 2700
104713668 4975
367386655 7810
667909356 7358
529145578 6512
639355824 814
651134074 1029
197111733 6362
587010383 8191
412934195 7376
181954753 8258
245195780 9873
307880536 6095
7990739 2128
137534775 1455
76102804 8836
551106517 3359
302739305 4094
368621878 2829
187396770 5433
544994393 3537
204962475 4218
95693120 3211
558029005 3075
628585188 4015
654247025 7402
721214826 8693
557790092 7696
106555555 4787
501760409 836
337995451 3335
605318014 376
85094756 9685
29476414 5029
404413249 9292
643184358 3620
31351828 454
305522816 4663
262264069 9192
429721076 9810
568881989 7766
431437130 8707
49807881 5167
5089457 748
123107208 4116
632398062 1770
657587951 9538
286454575 1172
39765887 7391
683765940 9948
359015219 8280
335405434 8189
115559788 1941
160295536 4583
75931616 7100
335929405 2735
352265351 4296
81077910 5486
353296416 7072
84674021 2411
408272272 6637
145680480 82
1000000000 100
999999928 71
999999899 100
999999947 52
999999939 60
999999918 81
999999960 39
999999964 35
999999986 13
999999905 94
999999980 19
999999989 10
999999974 25
999999900 99
999999961 38
999999932 67
999999982 17
999999925 74
999999916 83
999999914 85
999999923 76
999999902 97
999999993 6
999999917 82
999999930 69
999999933 66
999999966 33
999999971 28
999999920 79
999999898 101
999999955 44
999999904 95
999999906 93
999999942 57
999999948 51
999999952 47
999999976 23
999999944 55
999999962 37
999999985 14
999999926 73
999999997 2
999999945 54
999999990 9
999999988 11
999999958 41
999999927 72
999999924 75
999999957 42
999999951 48
999999901 98
999999983 16
999999977 22
999999972 27
999999915 84
999999936 63
999999911 88
999999940 59
999999996 3
999999913 86
999999959 40
999999931 68
999999950 49
999999994 5
999999975 24
999999943 56
999999967 32
999999922 77
999999984 15
999999991 8
999999937 62
999999921 78
999999956 43
999999963 36
999999946 53
999999919 80
999999909 90
999999968 31
999999970 29
999999910 89
999999992 7
999999929 70
999999935 64
999999973 26
999999954 45
999999912 87
999999987 12
999999938 61
999999934 65
999999907 92
999999949 50
999999941 58
999999903 96
999999965 34
999999995 4
999999978 21
999999953 46
999999981 18
999999979 20
999999969 30
999999908 91
675191391 100
59997909 5853
569593141 3247
358830941 6471
666497672 353
169430952 3195
335903194 6440
405271230 5900
421161688 7706
38744365 9982
263932570 707
478607074 6101
278343524 8503
275951447 7146
275813671 5971
578283101 9482
308797660 2279
27232260 9822
332048894 5635
249437845 5151
358890688 5040
440209036 3090
58795020 7266
341689597 2223
502689008 6911
128651037 28
63727099 447
255213016 4774
617780870 8827
544213513 7390
32405177 1082
16894696 4494
371770334 3861
284269450 9403
429838367 419
2490831 641
261789266 9195
2468382 6284
44610609 8588
501402281 7952
51821232 2115
513376152 95
428908191 3218
578451548 9057
531310549 7623
674211380 9877
222690231 9489
443196275 570
566089642 7609
138963125 9653
466216454 1348
550029927 5257
630127564 3670
48808949 5276
260328255 6200
292346085 1605
298120257 3574
485301449 1956
286105760 8285
358990497 5414
283041171 8669
625269013 8467
519257638 2823
299440842 3053
281161535 8600
600382881 2322
419891544 2982
371045697 3861
87634665 9557
656037922 5153
619704790 7484
287020409 6360
585625381 237
552727144 9025
600765488 8286
262928354 6846
97831489 8754
54584817 7218
337457880 8839
633384990 5087
77336565 9994
214222249 9551
59826557 3628
195268241 9394
396854651 5376
549418802 9533
409490150 189
204851964 6037
92279930 8370
83309935 4557
667555305 4111
521070710 6695
245004601 5862
147975709 2085
550492566 3485
500988634 6455
501559137 5678
249616752 94
236113557 4139
659357707 4094
156977679 1086
200000 100
3142 10
8735 8
4093 3
1523 2
78 5
3589 10
3597 6
432 3
8334 7
8207 3
2963 10
5938 6
9352 4
9031 7
3802 3
6346 6
1899 4
1400 5
2880 8
653 10
3592 4
6484 4
1338 8
5889 8
9314 6
306 5
9947 10
2996 8
9506 4
2469 2
5119 2
9650 2
9191 7
1850 4
4993 8
348 9
8591 5
7085 9
8345 8
3541 8
9537 9
2138 6
6386 2
7241 9
1415 7
8085 4
8351 5
2155 4
3245 8
8356 9
4734 3
9948 1
3504 7
5007 3
3545 8
2393 9
2632 7
8362 7
1856 2
4603 2
8309 4
3314 9
6114 2
9694 7
5717 5
8532 6
213 2
340 3
8840 9
1307 9
3200 10
4092 3
3885 6
4119 9
1916 9
2558 10
2250 10
8227 10
2152 4
8332 4
407 4
212 8
6909 2
2753 9
3432 6
1012 8
556 2
5578 7
4033 8
3995 2
5000 6
3777 3
3043 9
9621 5
8240 5
4851 9
3069 3
4144 4
5788 5
8760 6
1000000000 100
68 34
18 84
35 67
97 5
31 71
92 10
75 27
49 53
42 60
23 79
33 69
86 16
88 14
84 18
62 40
77 25
66 36
21 81
51 51
63 39
67 35
95 7
53 49
7 95
17 85
34 68
40 62
71 31
47 55
74 28
11 91
10 92
6 96
9 93
70 32
89 13
60 42
38 64
61 41
36 66
19 83
32 70
1 101
14 88
79 23
22 80
99 3
44 58
96 6
54 48
64 38
13 89
93 9
87 15
5 97
76 26
12 90
48 54
83 19
80 22
57 45
50 52
55 47
100 2
82 20
78 24
94 8
72 30
15 87
65 37
98 4
56 46
30 72
52 50
81 21
2 100
3 99
46 56
90 12
58 44
43 59
28 74
37 65
4 98
85 17
8 94
45 57
39 63
26 76
27 75
69 33
91 11
16 86
24 78
29 73
41 61
59 43
25 77
20 82
73 29
1000000000 100
999999993 7
999999941 59
999999933 67
999999952 48
999999957 43
999999956 44
999999903 97
999999979 21
999999998 2
999999963 37
999999951 49
999999964 36
999999945 55
999999975 25
999999976 24
999999940 60
999999949 51
999999920 80
999999934 66
999999938 62
999999983 17
999999958 42
999999937 63
999999942 58
999999932 68
999999901 99
999999948 52
999999904 96
999999927 73
999999972 28
999999981 19
999999971 29
999999905 95
999999987 13
999999921 79
999999946 54
999999936 64
999999926 74
999999955 45
999999928 72
999999968 32
999999911 89
999999960 40
999999961 39
999999973 27
999999974 26
999999915 85
999999991 9
999999912 88
999999909 91
999999925 75
999999922 78
999999947 53
999999902 98
999999997 3
999999910 90
999999989 11
999999919 81
999999929 71
999999994 6
999999962 38
999999990 10
999999906 94
999999944 56
999999984 16
999999966 34
999999918 82
999999916 84
999999917 83
999999939 61
999999965 35
999999954 46
999999969 31
999999930 70
999999996 4
999999977 23
999999978 22
999999995 5
999999982 18
999999970 30
999999985 15
999999907 93
999999900 100
999999924 76
999999992 8
999999943 57
999999950 50
999999988 12
999999959 41
999999980 20
999999935 65
999999953 47
999999914 86
999999899 101
999999967 33
999999923 77
999999931 69
999999986 14
999999913 87
999999908 92
200000 100
7979 5
769 5
5949 10
5003 2
4258 4
6659 2
9410 6
9744 4
5000 3
2096 10
9931 6
3557 6
4766 5
9340 5
2217 10
1464 5
489 3
7557 9
1117 8
7449 9
8710 3
3851 10
5040 3
7536 10
1201 4
9932 1
6826 3
1869 6
9834 5
3199 7
5389 9
2892 2
969 6
2153 6
8369 3
7218 7
8889 9
7155 5
7216 6
9116 6
3684 8
4854 5
6937 6
3412 9
1958 6
6935 10
9758 7
2239 7
3215 9
6396 8
3475 2
2604 3
9767 10
9915 3
7791 6
6038 3
8306 5
1872 2
1899 3
1665 4
6446 5
4530 6
1738 2
6420 5
6111 9
4441 7
7915 9
4960 10
4926 9
6994 2
2376 9
3329 6
1269 2
9103 4
6397 4
8673 7
4136 7
395 9
9641 3
5988 8
7945 7
9669 2
5191 7
7893 9
9398 8
9811 5
7664 4
5875 6
9588 4
4687 4
6450 5
4655 10
831 7
4222 6
8711 9
8585 8
1512 6
6704 9
8494 7
7317 6
471900008 9
348379276 8273
50768567 3100
343287151 2868
225038452 5254
371986726 3554
182540952 4344
282355348 2402
225807251 8972
72340300 4896
265873919 86
5167893 1504
77712461 7287
206502127 8393
36304679 9864
111743976 6371
141756640 2318
118338227 1485
145062925 3076
222104587 4691
238668491 1168
63833123 7736
21152832 7458
30976794 3851
248788264 3299
12925389 5610
232923584 6670
184677292 8262
4617931 8949
151012977 9929
233990992 2109
15508160 5156
98421724 504
169334176 443
19306101 2331
154401262 7378
57470999 4694
204123591 6237
125155403 7947
263083023 276
129999674 6786
104949895 1840
178774928 9557
170750007 6959
154763044 1834
192802061 3660
240979229 3089
35107378 3691
177220255 6969
167227054 8014
62338779 2988
41860558 4564
72485511 420
240695320 8808
149439809 2475
61585701 3407
235692168 3103
140990565 7573
177612543 8505
108007701 5337
158309851 2914
187928397 7900
258256588 1614
171622505 3902
244303107 6586
92915086 813
236161963 2684
264236490 3464
150895970 9539
94170647 1732
202606307 8290
58667644 9292
169298093 3875
16222966 5399
232839032 9099
162259835 4983
27410245 12
126284083 6601
120774695 9694
183733563 932
255463522 8881
83307684 9174
215423296 4368
106154693 3222
112317490 2458
262547640 6304
171834714 8187
41037861 453
245251694 1427
73092186 5181
92215086 7558
153147786 6898
172511057 695
138040998 5232
193164657 1071
76621534 6072
31095354 7722
622153330 100
548910424 4101
62930193 9513
437420119 3086
273625870 9258
492972606 3197
93305568 3755
459936597 7228
459580123 2467
576746946 4216
404195315 347
27423362 8390
214279367 7237
136295227 4216
469996201 9507
463745266 9008
323537143 893
262508802 366
565704784 3859
498822103 6315
165958439 4255
120617893 8063
608602469 3024
362338626 4645
278010588 6814
110734816 3129
365561627 6794
285777813 4590
439292849 8027
401316501 8760
395669435 4952
316402746 407
341475293 8957
174992711 3259
530316282 8308
478776127 4169
138919609 2975
595602208 5865
80078712 2996
523139858 3171
86529431 150
493541247 5616
23760527 3872
53995925 2231
383418617 4298
27823521 5067
246775599 5560
611086395 5890
295883066 8660
425626642 6967
202437060 5411
593449561 7742
96166033 5941
263495121 9599
449153667 2115
44432372 6716
408669725 8815
495556003 9335
165861160 4449
466184722 5519
115557129 4063
489923328 3884
569405324 8284
278991972 1761
125775052 2678
144968457 111
49422986 8743
234224026 7921
255867170 3979
95474790 5717
420873302 7969
123545240 1226
175211311 952
259025632 7922
31383330 7538
610141182 5770
3409375 2663
70302393 8408
230067429 8934
147283374 8173
105738271 207
259630515 4900
467182674 1546
13056702 4680
553867719 3857
487908875 5759
318514279 9304
93150243 6311
81974783 8987
191287857 793
195642186 9724
522549292 3172
18906294 5380
536835404 7438
314954553 1253
74771482 5696
438923527 1332
522545368 7485
550337194 9545
224069758 3647
34480160 7189
502803143 100
268489653 5785
124334717 3744
52450355 6789
240815129 3627
119551845 9658
50512908 740
148988053 3740
6317689 7722
338345913 631
321946314 1282
73822965 5370
30681140 9734
389178254 7467
308288241 8996
116694368 3840
64279305 2379
380433419 1621
245154097 386
483104064 5419
212388639 524
8660916 3698
10872017 6573
452849049 1968
146504210 9823
378982761 9151
165703123 3301
190770162 7976
224822284 833
397570247 6746
13933695 3676
79504055 2889
127939197 4621
163489576 6087
389758916 4423
86654652 1779
61678926 4207
464091628 9840
448374118 8682
141851780 6769
104364647 936
208070600 6010
254007315 3186
38182108 20
249020885 4475
440370184 1563
388875790 7249
307379312 6695
141971289 1705
290306990 3532
91328979 643
302706796 917
391763100 8026
420311199 3204
96762981 3849
232089045 9716
388077116 4552
273329481 4699
190435475 6036
247572463 6079
410809629 6472
81015382 4536
382286302 8550
445813720 9208
390227809 8419
179628519 9648
454070223 1114
26299909 4923
417154369 6430
157345619 7738
345682498 1051
386452250 527
179442441 3988
408024967 4485
401993939 7187
125830424 7455
450712085 9920
188274828 9300
215298775 7006
487879835 309
255696739 6697
240245422 5275
79266608 8248
132570113 2382
364967875 1104
423017740 5410
348837764 6235
313000802 5581
301777021 279
406375770 2080
489986256 3630
89812232 2911
249926613 3122
217396134 9348
190773511 7738
500449107 1642
46268382 7612
485745966 2310
181626973 973
481847912 1744
387608638 1349
690655011 1000
431979256 3547
324696212 325
158626222 6625
16602881 2557
462637890 3389
306918100 5957
357184343 2601
312864756 1766
240122125 664
72778897 4735
202371322 92
443435262 5390
441668856 7619
424100146 5508
527098456 9312
498232854 2746
643570209 6232
412828211 8507
659054748 9022
116706697 4856
312295274 83
191736516 4055
339388371 2525
464195617 3203
302568665 2053
228194159 9899
456777263 354
126081437 949
35512492 6812
516666367 9417
307139790 4972
543161249 7090
687802809 2279
80522732 2494
91820681 3408
259172020 5102
474671228 6029
423013878 9350
69783304 5584
84911222 3381
624375010 8598
467007618 8634
95992982 6333
54763774 2188
247981627 116
663908933 4224
176143403 997
5664216 1007
187641820 2943
608018392 4583
502489355 8499
584486478 1791
263482153 8587
57397234 7364
101599057 8318
169703617 4771
564805538 3136
188193823 615
331254502 1188
546854499 2454
552264608 549
321535130 8120
313063291 6235
521370811 1082
437553716 7504
607039377 4014
533089551 6634
233526964 4599
538727185 7454
416441162 9952
340070030 4147
30913674 417
479649679 9055
307492110 7915
10570841 4971
392183614 8084
35338010 5499
373415122 6086
209031606 4924
283809394 6451
127551301 5888
200832005 5134
614040729 5041
301912691 7044
489049650 1600
61925100 3868
76778826 8012
483258386 8718
527688835 7397
507317692 617
258393077 4958
623059173 841
596804073 2919
156102850 2585
520140236 3898
580062122 7346
225709188 4076
654051744 185
132051900 3808
234507637 7264
490591887 1797
461903647 4783
421446203 6907
3317066 5372
595039611 3834
408751714 2217
292921451 6334
304575303 8449
446282860 1512
76937266 8685
28345519 2406
321963453 9508
606457031 5023
416822964 1399
396465509 2498
445308203 3494
44137757 9352
329862009 7145
75893223 956
100439458 4150
147239365 4128
609467868 9892
463292832 9527
97746165 6179
209513442 2896
380647047 8958
441350819 1249
655045903 5350
55034762 9193
212739682 4277
245278589 2523
686097433 2862
146805193 7136
81713614 9087
588157362 3655
636300149 8093
524577998 5168
148048372 2676
483758424 9113
84291472 9333
298655233 8357
89591124 296
117226697 7524
71435409 4801
506269988 7539
169769387 9174
583282493 9141
145375389 3530
584752802 9307
105387202 891
72134136 9410
251615007 6751
507977307 2349
98815988 5293
501705012 4123
71027089 7910
509812076 8963
139675404 253
263956546 4265
241668971 7317
432833012 8016
542813938 5686
568799572 1516
86952098 9482
361183002 3094
568601059 8832
173183211 8272
277584698 9407
155281987 2196
439544447 3703
471638573 8733
500516253 4968
414216538 9179
671590895 2456
9297331 6306
378020461 9000
356425154 4195
77903322 5499
630931575 7108
67564571 6065
479942138 6865
322381155 3209
221046194 2072
267426170 1880
672528458 7075
187340054 6337
207036687 6210
82853034 1218
387072773 9289
360130675 3400
11605819 1843
181173204 2023
318139001 1168
420082384 6335
345395770 3895
524704375 9450
268755831 7100
267525672 1493
377264715 2831
9913274 9516
392298648 1429
182362772 7392
51968412 9190
50772951 1163
103846899 1657
270533711 1517
36149719 9326
560039217 7490
169913643 2456
604890580 5772
284232843 1295
350996927 8662
658687031 356
401229275 6578
1791307 6546
257445428 557
303768372 2071
622514168 550
32532421 24
450495092 4685
120582179 8606
347922902 4009
179185328 6424
247248611 9658
58106876 1975
170933239 310
388759963 1191
197688551 8921
449331190 374
390311340 8828
109924697 330
378103037 2634
338963503 4594
522481096 8578
407667110 5149
148184513 5562
171445481 4580
316706805 2664
412637066 8308
513792859 2328
524600931 6047
430352338 8607
480825002 6716
587143919 3841
497365475 7801
251693467 275
550938411 162
50991477 8789
338937831 1748
454007268 1167
677740806 3732
86164932 8174
168384681 3205
447169402 4094
191260519 8022
140649377 5263
515009184 3334
282246516 4589
6468726 3863
324149476 3272
377267229 2800
499137726 4219
95363995 9953
603244865 3905
52369251 7665
118299548 7403
459466303 4000
411508817 6937
59791716 4722
333068054 4411
501867637 4969
558356684 6307
278992987 5481
484214166 3428
46356296 7907
9406505 7765
276690817 2857
662103872 2316
178796962 9360
521978009 1690
272212611 262
286183780 8008
600178755 8095
23869417 1814
350267353 4672
655086210 9231
350879599 2536
581861337 1351
414904046 3588
646772488 7907
52452275 7735
269599674 3161
626378687 9192
495006709 8546
467219497 7131
435598953 1988
294769969 3263
236625659 103
217128543 3075
172005047 417
204186271 2850
381445801 7566
463311767 2272
614461089 2840
395855240 503
444110247 949
390083897 2266
118132441 7029
136797274 3765
141160189 620
64170025 9215
273869886 5214
461529199 4205
386609226 258
632948415 3218
13891746 7955
649979822 7115
451425338 2094
39158114 8153
213100598 6504
40089637 9537
217085350 4721
40304221 2522
353721057 7823
448684515 3326
552264686 2392
257053093 2997
260582455 2903
512216832 9927
248830439 600
675770533 8850
607322132 6028
480092944 825
214645720 9778
359377759 2422
473629375 9944
256914894 3546
224275256 1148
75787052 8111
113962002 9477
13041996 6926
610197523 4890
46860462 9029
92795926 8788
317468026 4686
613664414 3926
458123961 3842
602231644 875
573168000 4336
113834205 2016
260270839 1113
101243667 7961
155325636 243
278370988 690
453021379 674
407554378 7177
637832121 6888
402685304 4475
218608568 6827
99191980 6762
216928198 1847
537591928 1874
135724291 912
542683981 5349
628988766 5900
674427408 2211
556710352 3946
390592365 4184
626898108 5635
222479438 8579
203814266 6501
666142476 4548
534839811 5055
458417625 73
335399480 7508
507539141 7459
94728211 2984
232176429 8401
343528163 1644
480986983 7542
480078104 3939
65395706 8634
16432993 9178
618258190 7672
166020917 155
57910265 1792
405742131 6712
111679297 2191
539590332 466
638556287 9121
205798955 1056
375517179 3707
432158426 1323
351922476 5383
157970973 5643
413402139 1528
410499687 5980
547256161 6922
640071112 3071
270633426 6016
159306632 4109
677643022 2139
674576382 6803
326504756 3112
74364868 4539
32939735 8098
518805676 9618
554699384 9929
342455092 2658
684760929 4363
259547739 8688
286602971 6490
418534357 4424
341888210 5558
9294109 7098
368463472 6756
260500777 4751
333586613 3777
356486120 1172
278523286 2850
413563188 672
616833418 7793
531588109 1944
4647103 4133
257083568 5276
584671669 4494
628232333 6931
38272419 8351
170956398 6475
373296265 9532
57036941 1936
651585698 2624
19560471 2228
565215177 776
552812406 6394
206338344 9030
605008589 8857
83802732 3600
539218727 359
680712253 8890
385146711 8702
201957827 9425
313505985 8473
38686755 7242
601055089 5312
149052422 8728
287795418 2718
277733152 8660
104319631 3016
349234187 628
24131325 8781
61813781 2385
463167175 6618
449530764 4499
478602381 4316
613530599 6703
649540594 1253
493043772 9775
305670395 6883
80478334 9908
134713859 9033
311036415 4009
30463512 6595
385708172 6251
297534603 3296
282680294 8134
199968650 4326
676058868 9058
109485478 434
184453279 5550
205418336 9169
106533177 2847
133720081 4165
601918403 6447
406159016 7243
111384613 9066
210238911 6780
99906445 2152
26163481 1553
617758209 747
41981499 8413
373529531 2100
248750218 7320
254440428 8738
175629516 165
88003187 214
599018995 3154
541487315 5046
297726449 6652
90053289 2198
557735630 198
587004563 8675
645217838 3493
184316041 5411
514195342 3384
188532530 1181
521198698 3012
476146392 6867
509282523 3712
306252169 5881
330819642 8326
472319975 4231
168189360 9779
18788110 3685
163258630 6422
621861197 2536
325301307 8567
489742399 81
305607097 2901
555281702 9323
317398212 8094
239027001 8047
469181242 6923
336603663 2941
620875329 2518
552390943 3115
530548576 734
445299697 9868
207057261 5172
612814699 5954
56417483 3856
345122228 2809
424739618 1380
163422717 3942
251614179 9361
563086555 9690
358339971 3544
593274605 3245
188576884 6542
137058231 4097
423136735 9405
300815976 5208
276954574 4442
419293877 3877
354900862 4160
327968317 6093
352249257 9989
309234483 7806
157057341 1795
142153973 5348
380291661 2784
373426649 1454
653218661 6869
303271268 8683
379749993 3080
23803746 2678
202382730 5588
39149005 9159
547364374 4903
513819247 4770
563358341 5829
86178339 5810
126962460 8730
149284961 1044
189191787 7093
30037119 6329
100704678 265
345858228 7379
312563960 5820
37432749 5085
23075332 2516
280655268 5732
687250263 6629
499599374 9832
245454824 1008
277697512 3020
536035589 513
407130347 6047
92212784 2743
374114463 8386
394672588 4982
332842266 9232
649657703 6666
324346828 88
238594039 4116
32905632 1140
243103537 9924
367699954 8603
133029829 1593
480334294 2884
94673586 3955
537318850 2573
454042466 9904
202707932 4715
652325640 9228
553410326 406
230697211 3244
122370123 4476
348255322 6935
97758392 1754
128050281 8133
181210175 2481
533454901 3480
224447318 1332
558259393 7678
214029534 1820
119719553 7376
307593387 978
460358532 7932
453890837 7346
522218472 850
211647740 270
217775230 7691
153995190 7748
499544610 2824
421647660 3715
97142644 8627
652905455 9864
42510884 9834
402051156 5806
310005154 2000
410426951 2415
203798679 696
395734874 5731
6835306 8712
154907676 4888
352088682 4703
225339602 1730
643557741 9754
574897960 902
410920373 5151
329731596 7847
207640261 4666
572138347 9152
345638004 5188
570111661 3365
468217975 9825
116138205 623
663428939 5000
39181577 8244
139721127 9494
244187283 7397
179063309 2746
688915363 6748
129168125 3311
299054180 1806
338789270 2407
166752306 456
552009248 9882
616716438 6841
421212971 3615
415388474 6578
24849014 7952
653375775 4859
645026272 5558
502087040 216
232141296 9111
443880586 9320
401137283 1516
420109574 436
653563777 6072
565890155 4635
142928663 2038
324963913 4655
512818043 9087
486424439 7800
601652736 4367
401682589 4110
574520450 1875
300708537 3802
49324278 7216
193184626 4261
298482547 746
411280589 8096
288486135 4772
681697328 2406
407172045 8035
236372515 5747
224251873 7123
418591091 5110
441690744 4930
426230431 268
27166714 7353
214832817 1614
165897209 2911
671438885 8697
364843958 3367
179130533 1221
471789723 8554
235500436 2969
232479789 540
52182739 296
490147738 434
635397173 8932
618083783 5378
512239102 7975
147207656 2557
448200586 7828
469973875 3229
203157570 204
641677977 4669
499987703 1992
56087344 4548
576462212 286
435109328 4850
179057240 9305
104054719 1308
550149332 7202
303822938 2722
228650826 2599
540509193 1072
2506853 2132
165917154 69
247541613 9206
6068684 192
343713891 1945
101923288 8717
76403112 2022
234440714 8666
17059104 4046
404065743 8102
62696044 3598
109227655 6071
152712176 9236
224419247 3014
411054216 8364
25945355 2526
503561521 8482
622641434 8377
423375539 2444
63468989 9123
522118785 3026
585059939 9053
289631199 5537
168366311 1226
235383419 6361
614078219 5733
366626880 2021
96132929 4798
466836332 8607
89489532 5471
371767606 2117
238186414 1088
528744406 2165
405172577 94
458377242 5327
482778978 4511
539814001 5793
668243165 1288
322563002 5396
161865501 1056
9461176 6959
277377797 9478
231704527 5213
243162130 674
611439344 5286
275093767 4954
189112085 4513
556273511 9955
470351694 1897
129835084 3471
63120124 7042
676096903 9604
96300701 4183
624210603 1684
653983014 54
360099810 9501
566187292 7867
473280719 8963
606070075 1292
393568353 1245
470743068 7260
387532426 5502
557978482 2725
54868958 8412
499929476 4838
379438009 1193
315951498 4948
128560372 6862
331626880 4883
523527759 80
651032543 3985
375133775 9302
538962951 260
337321371 6183
199793716 4749
544100260 127
297068866 5073
415675321 4271
80753914 3935
286868 9274
622833066 9332
309062810 5085
493618688 4070
384163996 8225
452648590 6020
64766417 9945
494646211 2217
126121131 134
669716503 640
230947125 6822
225648028 6729
563584688 9523
687702706 772
85734360 6080
406859044 9959
11281978 1800
607730678 8134
47517963 5860
130147386 633
269829636 7454
435423169 8235
417829703 5964
292142939 7882
171504345 6167
178987296 5878
430974634 109
218467205 4252
125586152 1876
78607908 9115
127931995 8957
89443560 4893
679502949 8373
139176268 3789
312042577 5841
457013094 6612
415726157 4154
152458845 5730
47930654 4435
207709556 5278
561393587 6097
171925174 9647
356230068 9137
532225368 8098
25259552 9640
312059656 1028
551387748 6496
564578317 7779
345004840 6692
178809874 6956
364691976 5336
121859875 8810
494523923 2217
626591755 6087
53957818 2611
171342803 1191
406733428 8342
431014719 307
20704855 7369
102402909 4463
680657001 2419
555674125 1856
34408932 5666
297005886 1687
293031821 8741
65257825 3875
530369924 9552
570980936 8277
617674574 7726
5899422 99
670684864 8378
320391529 2103
306820873 9959
111331747 8931
505822862 4959
228403585 2122
297754751 7910
550681395 3906
228199323 6180
148182564 7349
402267146 4615
556120855 2891
348446705 5661
100874174 6446
228438502 4890
243393641 1068
220364427 7867
477110216 2440
683418223 1826
407008941 3322
461028559 5214
392082768 9618
563039253 1233
203147956 9886
59672947 34
282763982 6898
602249451 8433
607637346 4176
215247674 1666
34038704 3653
227501942 849
314575696 8058
499103122 3946
306775425 9148
216445793 8826
321812484 4182
680809328 2195
99630502 3299
484049475 8207
74507943 1297
29869215 5907
131116754 8537
533825847 2839
548128234 2865
208015101 682
231717489 8123
446356759 888
373243526 2901
67446287 6294
598020504 5892
530701122 876
430116214 6824
476580841 1640
243819974 3203
371749986 4136
86840709 9257
219666637 4419
209222865 1286
173480908 2210
50686239 2020
587014338 9551
36360659 2990
527228657 4958
535335343 8709
447792813 3444
306009280 2181
641172395 1042
656476040 902
482620444 3021
574128837 7964
534028539 4943
374618537 4703
13699089 9379
183451845 2802
595155827 9588
304954611 2755
255632533 4685
263721667 9242
656899740 8717
556010594 3236
422610719 1180
376963622 4660
476985153 2355
421973270 2636
384817670 2401
575388992 676
97647961 2566
361068350 8625
403190872 4677
78058243 7210
191471856 3608
67734025 7353
101979811 1989
136778313 4151
542523513 3888
186744976 1556
57095573 7952
207736322 2041
38645310 430
687125465 8399
338368235 8858
206339844 1190
493888081 927
46913168 4398
52514032 6765
546473507 341
457284661 2842
629978373 3711
224348491 6202
161185273 2376
427061312 2530
656749192 7120
208602228 1595
518858412 3393
123295313 1284
71434972 6344
648806981 8762
584588184 1897
653667578 961
483377548 4736
73552155 6953
373966198 137
244240036 8283
219631408 1994
444608464 233
259009384 892
441438511 8571
72426347 8429
189461674 8317
50024182 3714
217565260 7952
413694524 1861
574228922 6264
107713009 2564
592831497 4419
236537603 2250
11064139 5626
106070353 598
616415788 9879
648671106 6543
98376229 7371
600968659 1691
493281799 4736
475653972 2881
97406476 5604
170612787 8448
381991855 5557
627320053 8729
426236564 6483
71510934 6051
2 1
1 10000
922276576 36
797472260 2297
31853672 4113
564625205 4180
784279372 1692
37489955 2745
427204513 4156
581000835 3347
690534311 4577
501632513 5018
920442154 5238
674223394 6176
888056120 9781
19459248 4686
567353585 1771
656027646 2014
885917884 7515
181697724 6699
361952496 1954
510875633 3488
526227410 5930
476089067 9383
198773564 5904
340562921 9598
439075124 9314
272558215 3666
129820653 9023
345355398 4353
399344992 3380
846841601 2696
886525585 2219
864353163 2811
871883569 5752
590061747 356
789913849 8745
386683128 5061
168476138 4502
1000000000 100
983000000 10000
973000000 10000
923000000 10000
913000000 10000
915000000 10000
961000000 10000
980000000 10000
907000000 10000
969000000 10000
938000000 10000
917000000 10000
990000000 10000
933000000 10000
982000000 10000
900000000 10000
999000000 10000
936000000 10000
943000000 10000
904000000 10000
994000000 10000
971000000 10000
940000000 10000
908000000 10000
992000000 10000
932000000 10000
959000000 10000
946000000 10000
988000000 10000
957000000 10000
914000000 10000
949000000 10000
960000000 10000
972000000 10000
901000000 10000
937000000 10000
903000000 10000
906000000 10000
928000000 10000
912000000 10000
981000000 10000
934000000 10000
905000000 10000
998000000 10000
927000000 10000
935000000 10000
942000000 10000
909000000 10000
930000000 10000
951000000 10000
966000000 10000
970000000 10000
978000000 10000
962000000 10000
916000000 10000
947000000 10000
993000000 10000
926000000 10000
956000000 10000
948000000 10000
976000000 10000
995000000 10000
922000000 10000
944000000 10000
977000000 10000
921000000 10000
902000000 10000
954000000 10000
964000000 10000
939000000 10000
968000000 10000
950000000 10000
918000000 10000
989000000 10000
979000000 10000
952000000 10000
996000000 10000
919000000 10000
984000000 10000
941000000 10000
967000000 10000
963000000 10000
997000000 10000
945000000 10000
986000000 10000
991000000 10000
975000000 10000
987000000 10000
958000000 10000
925000000 10000
974000000 10000
924000000 10000
965000000 10000
929000000 10000
953000000 10000
911000000 10000
910000000 10000
920000000 10000
985000000 10000
955000000 10000
931000000 10000
886370772 18
234966477 8289
637701958 8975
715720999 636
168249533 2720
157799633 4030
355836129 3100
767589987 7626
636471357 1333
47893273 6181
446220427 198
549998808 7857
545392895 124
871485186 3163
784774192 8166
90941709 1552
362581398 4278
453035372 919
550979781 4637
685057961 1
556890632 2865
200000 100
4244 3
3169 9
6672 9
3261 3
4166 3
9353 9
1317 8
4881 2
677 5
9002 6
5644 3
3423 4
9833 9
9786 8
4377 10
4822 7
650 8
1561 9
1738 3
9562 10
6956 7
6781 7
5833 8
3606 9
712 9
5650 3
4441 3
1076 4
2391 8
2016 4
2500 7
8907 9
6776 4
1227 3
9711 8
1135 8
901 7
7475 2
2477 5
4982 10
5322 9
5213 4
4275 7
9853 2
5410 6
8687 7
9965 1
5000 4
2427 4
439 2
9692 6
7013 2
4190 9
1002 8
7796 2
7710 6
1017 2
7642 10
9714 5
4394 4
9830 8
8176 5
3150 5
2058 8
4256 9
6868 2
5351 5
6884 9
2579 3
3846 10
7648 10
1123 7
5863 2
3730 9
7957 10
392 3
2609 6
4128 9
9275 9
7369 6
7304 3
1268 2
4567 10
3342 10
2902 5
1301 9
2959 6
7800 8
9892 5
3312 8
661 5
1934 9
7339 2
6357 3
8041 5
7468 8
4670 10
1719 2
2117 9
9964 8
1000000000 1
1 10000
474412549 27
5746798 7295
402305676 6845
149351685 8289
158148736 307
53504662 2126
209700249 3364
117443951 5141
213627058 6622
135468096 1594
121734883 7109
336069134 420
376936090 1200
89994485 3333
31060739 5527
309278492 7547
328225737 6618
472189526 7472
157179229 4617
35403938 737
177981511 7291
81938081 9269
445050297 52
221469923 4784
334292484 2161
99135580 2940
134497005 4836
439150763 8009
905081934 4
105668889 2595
420865541 43
130046024 5760
265014278 2518
115541174 100
111817586 716
79374042 1919
50405932 4980
50945656 8631
60642182 3186
3501619 1222
115441755 9516
109069973 600
99108444 2211
47575892 66
69920726 9494
92247304 9099
71927677 2948
38824933 3708
36035954 3510
92521595 9768
62339044 6234
111321633 6174
64221501 458
7057839 9812
11234865 5289
109435692 527
7876707 9648
1176791 9367
16481879 5626
67920034 4296
114288091 2210
99297122 7143
16520422 1244
77131441 2695
76598958 995
42786855 7159
14044024 2370
71979324 4253
100698630 1015
53684469 6593
96382374 5828
29026118 957
114548632 5103
85658274 9461
9560961 2422
73661980 5162
29070647 8542
100673060 3826
92306601 9632
49105946 6448
82516626 3767
86602238 5086
45991155 9006
13053977 2725
13090917 3142
80496943 9207
6515601 7954
13448616 4451
108946820 977
112876133 2638
27516600 2976
112333073 7001
19569416 8695
60286312 8031
14384110 8148
97803483 4149
68791315 5880
50807180 4549
4232937 384
85235922 7597
4308352 7974
65635238 5106
96547883 6243
78847143 6873
22508535 8966
105393116 209
28882389 2089
50563407 6616
4115498 3749
76259615 2318
85673103 3997
44382480 3153
97666186 4207
20441288 5032
64398933 6465
109344848 4556
43882335 1863
115302724 7445
44843757 1267
36346981 6709
58950332 6970
94470343 5033
99590028 28
57314028 1501
82183104 7025
74295861 9924
22498388 4191
52628143 4550
81306805 7772
24290739 4515
65483052 4858
96253508 7608
29039590 4336
115181726 1910
638986979 8
487469293 8615
147281399 8018
440983928 9755
215131504 4914
52973625 7287
88148343 5021
630470318 4464
409005149 6504
946815959 100
720212351 2085
246658153 7313
610883172 4815
638704048 7529
633649478 2097
254946140 9756
547260679 2770
562722074 6834
233467472 4239
921000410 3983
670100144 4243
776844504 3060
838638626 2737
5746870 1540
895370819 7958
850279832 2918
80766888 214
354640412 604
317241390 5923
183750772 5876
337020136 2323
551079911 291
827640317 5505
33293170 9137
801446341 8843
850771483 7364
154977695 6709
820488671 91
163593269 590
833661564 8302
577902400 4705
748267009 9164
413698303 9796
547866053 1217
655841239 8878
383919850 2235
591460937 7164
619312899 142
175048948 9296
836028339 640
196768084 1654
921330067 9296
501747200 5128
901131738 9201
803174157 6091
161976692 6597
936134507 6707
460865872 9085
498756021 6242
247142519 2755
586375375 2511
924611233 5766
228940980 3945
472860412 3466
790487930 4448
14085059 8075
370239203 3385
119458433 1175
815785545 5892
755466209 3123
432896331 7096
392002453 4799
32028712 4266
776307817 2376
338978799 4270
40864722 2180
824535659 9756
115465028 4905
574557435 3071
65781488 2728
740239162 5651
341077260 503
216424338 190
792777696 4441
867591714 7804
472659282 8220
612910364 684
503414853 2605
219742532 8088
903161686 8590
665527814 3198
205801299 4499
777751200 1744
435689604 2782
753677491 4372
392348672 6460
704791544 9274
905661878 57
44410480 258
466705189 2979
182443572 6559
13248986 3787
649070965 8428
508168215 3624
386038221 783
817685786 5584
627078866 7981
809171118 6540
737800441 2725
820984068 2269
200000 100
1663 6
8844 4
6908 6
5740 9
4759 2
3291 3
2159 2
9298 9
8527 6
7026 8
1844 7
4469 2
4971 7
6261 4
6402 5
7122 7
3982 4
4391 5
6404 9
5958 6
2540 3
2000 2
2280 9
2663 6
1901 2
8290 4
4472 8
4302 4
1156 2
5468 4
419 7
860 4
4589 9
3385 9
6554 3
5861 5
7548 6
7146 8
5185 3
9677 8
8846 3
6489 5
4403 3
652 9
8830 2
6268 4
8794 10
709 9
232 3
9492 3
1793 7
8350 7
3252 2
8626 7
888 6
2021 9
6184 10
7066 8
895 8
7131 5
8475 7
9699 4
5000 8
400 7
9398 4
1253 4
6191 4
4608 5
8179 3
5776 9
3522 6
193 5
3741 6
6302 3
3888 8
3077 3
3110 9
6357 7
3162 4
6513 6
9681 6
5812 9
6423 6
2413 9
6129 5
7417 3
9700 1
741 5
3175 8
1289 5
1448 6
3422 7
7852 7
4684 4
9130 2
5770 4
2834 2
6866 5
8384 5
3948 4
728549954 14
346929451 5901
309067464 8432
495625143 8425
539800397 7065
235691104 8311
292807951 9403
656229871 829
665866706 5964
156100489 1518
89254777 1442
717897789 5208
112761117 8122
402540549 6157
25540693 9995
74310615 22
72105370 796
72954853 6761
14084719 8690
6187405 1582
13657629 4744
25638359 6189
46214952 1097
73142476 350
47706703 7390
35554791 9966
722841 1668
41159526 5273
50528041 1514
21742680 6880
18850554 913
73779695 8356
48460283 5070
32768127 531
67940696 5838
28587158 3480
9740973 1399
6892833 7358
157583819 2
120908722 937
35083101 4996
737579865 35
186467945 2368
45110957 6363
404829069 8930
342511658 5593
395732310 5114
617117706 1272
499179393 6690
79260971 1212
231865979 7068
76602368 8127
20464959 4337
69332306 8530
625529393 7069
15251778 8052
570997477 1417
514659669 3002
386387814 7823
574728654 4239
175781746 7749
184765442 4944
346609654 2
326947085 138
81141052 6179
542011532 2077
544105401 9634
219885374 8267
246419004 9968
171176137 7790
429611579 3125
472077746 3116
39752136 1680
523891763 2471
251611077 3890
568333763 3222
105125965 8393
414154615 13
311110846 5527
44130353 6344
400188314 5803
396590596 7312
331690054 6138
230707772 2324
211257365 1872
393264196 3254
135372060 5108
233992781 8019
83760900 3055
50660001 725
317867878 6205
239065491 7
71064026 3984
48179083 727
118729947 3398
29122973 7429
227824685 4467
147856490 3540
212510333 3062
431450636 6
140814706 7679
21446987 6527
136476143 6026
76096565 7231
402416226 7425
373254873 9745
750639864 1000
412862394 4324
630579306 8006
714706370 4629
119984762 9119
388413561 6965
456485674 7229
206034480 6845
643491252 8638
481517609 5016
571669330 8630
415175355 3487
410979331 94
542800507 4177
174434391 4901
499928527 1841
346823581 5232
577062879 7088
477747153 6924
678156743 8014
657327456 8
489181141 3477
267843077 1406
711696690 7177
308031155 9388
279238691 3068
598876578 8534
576217486 2273
711691509 7619
192906775 6401
255341891 208
409320218 7700
604966055 7066
744234064 6050
115027557 8415
426031750 9901
204293056 2550
554048575 602
671804116 3784
668557532 2821
207201565 7289
91467368 282
562769864 7829
9017525 2421
575126381 3511
454239085 4409
161891035 5334
508749534 9930
90825926 525
414855835 3897
152085496 441
593061987 3382
488297140 4953
82832232 1138
75694700 6059
426853475 6226
45709330 276
435401277 8114
234729127 2465
66327060 6400
235836451 6027
191478141 9758
63993311 2005
469962783 8229
171561794 8880
554181284 749
547758641 2916
48770508 2935
675834821 7765
121005938 8247
490671360 5477
621019689 2835
556186495 9283
89367887 1174
385197943 3649
734954912 5128
556945378 1129
576343351 111
452013348 3229
258286001 1544
211390469 6712
325416393 5501
248520204 6641
192480011 4850
336758887 9765
54604889 7655
267086723 8564
132244959 4104
558841211 7697
283048427 2403
686392821 7917
188194643 1303
155743927 4394
546867413 4859
136657471 5051
137163266 5283
98625729 9366
280086404 460
721031409 2896
89601744 2347
541066789 6655
263167474 4384
661525466 8234
371981057 1382
418050110 9319
100203476 6330
417897765 2249
380108986 7063
213505440 9117
428233799 53
226876051 8383
8304650 5231
496476524 360
569238091 2261
378793745 7951
303130036 4232
747561832 8800
497031804 354
535837595 237
472487607 2856
455667340 4839
347208479 3542
403311702 2882
619695378 3946
133273597 6902
676295062 3944
545157269 5817
595671165 6134
249557884 2939
496687224 970
316285826 7334
360698201 9616
160705281 4800
527799025 3128
104455257 9314
575257559 8919
447244148 8433
356298550 5022
580403662 451
121877134 5231
495372614 1158
228170597 4757
239448357 5599
524073202 9307
269860272 2345
217337518 2240
468470433 5423
439248522 9506
489352528 497
337483056 1067
64243996 4788
646523675 1428
261066876 5619
494762350 6614
187135830 6663
717728080 701
677723674 60
402978631 6368
399634257 9366
267222152 6956
3953924 1536
408950782 8626
526590001 3045
127458237 9367
141506952 3330
443479396 4583
283833509 6095
619568267 8226
187233927 5350
224083087 978
212297998 8446
196362702 5942
124448374 6790
417212122 275
410560890 4362
659817038 7142
522909157 4436
698133214 4038
9395969 7081
176280732 8042
72725356 1069
197054501 6072
18047496 2644
9755853 3501
318890477 6882
742052018 9297
640086513 3434
158584115 2098
182478399 9481
324066355 7292
701616679 275
361898029 8096
559624294 9303
684837045 3858
117055354 862
78624657 1364
707100143 1390
547130488 9032
427390132 6780
689831535 9071
185942370 5929
47071384 9215
677575419 7825
698926201 4516
276501193 4208
712456001 622
549273025 3006
668186696 5016
352279898 641
249361954 7351
543233873 6759
615109506 6975
704764023 1732
267455607 408
260036464 8566
698753495 7883
617135464 9802
473094149 5440
289047908 9270
598935083 9044
345846901 1625
611747768 4241
293087993 8327
189186662 1289
622965471 3043
81127992 7546
703784342 2164
231194038 7602
275327791 4961
319338334 9694
121581101 3939
680150533 1624
96714618 2365
476963808 9955
276558551 1464
245001596 3361
483320098 6801
242396976 2434
409317090 3616
599998463 421
248989197 4606
121401916 7519
69510207 1283
539378927 3116
685592656 2082
608491074 8604
323123220 4354
681421763 392
195964106 9330
4705199 6224
341497868 8537
591048173 4691
726873400 7007
397569261 6052
355182905 7100
246915164 6328
577981401 8452
229982839 1498
45432059 5172
301057925 6639
531275231 5613
301859269 6192
650306366 5216
286394772 9966
660947767 2217
98216810 4843
371253320 372
302702874 5052
129494988 4680
589366627 1080
538699961 1234
478472563 3419
20264463 9467
731667935 7823
58955066 6823
555305030 7541
167382987 8463
93679565 2142
355619120 6651
519457245 6492
481962867 5818
7968375 8234
329733644 8563
20493274 3364
134537577 1310
582732622 6114
186629302 5205
354050589 7356
610237905 8916
323525554 5679
648939748 4161
313332787 3919
160767901 3587
588918919 5584
373611329 3167
401856259 1462
340460836 9888
670109543 7833
534611533 6438
466305951 4780
637442119 6948
73063843 4090
142571219 1444
166038137 7205
249677385 7544
134335930 6400
375980200 4194
727396699 450
673872243 4992
526338597 9676
104401118 6267
371725189 1370
264329657 4846
691996695 8620
4895403 8334
575100735 758
685669695 5901
404554551 8304
29069538 1285
668206316 4833
449012105 9996
100472819 2118
659887225 1768
343289345 4983
265035901 7016
654750062 6776
216409201 2258
35803839 1152
607696326 7228
279279283 5660
569308640 3472
260749053 8559
45192980 7512
258300296 2390
264275692 8178
199068358 5856
87757407 8597
455694503 7650
70345251 1923
723050148 7951
192135034 6959
169976667 7853
281499744 2557
321538685 7426
311510788 5615
633094157 6035
557983669 6059
139684392 9000
16359742 5692
365713951 3806
296415720 8354
578362044 3181
170119669 4769
646571193 9269
281934315 2089
744762893 8580
620088175 6991
472533286 1327
733302992 6869
653148974 2357
712313668 5398
488991336 8090
736272558 7641
26942020 8081
727385432 6772
207601640 213
247669757 4792
91043776 8379
100439974 8178
309875989 5713
594192184 9176
68233273 8490
537754167 8726
115449688 1384
35401958 3429
248072336 934
135389655 567
69280896 2724
26681004 987
116198507 7012
423251540 4102
477113773 271
219180215 1506
65946471 655
157458293 6644
540852153 7821
726053930 8667
89836386 9935
212967153 1868
496221586 3859
653916410 2402
624611492 3975
582837700 4285
181040484 3193
232504433 8985
272456650 5822
271743084 1770
145056279 2159
337008843 8259
504556806 4591
170824505 9859
495161720 7717
692170548 6855
476950712 1051
349786427 9113
697983395 3396
157246384 5815
321647990 596
380472672 3301
742560103 8662
18774835 3023
143365615 3787
203007658 988
352395747 1177
713942888 4774
33096340 81
597717245 3007
703061988 9980
430458078 2613
210898701 6455
602988125 2500
546803209 6788
181121870 2654
446075264 9779
239503368 111
192301929 7788
552782549 7804
557071741 7361
669385669 2379
402791934 268
58698703 2942
191253247 9687
495903652 3107
349769569 6126
276378006 5202
606190114 4254
492469783 1738
677439829 2358
123666970 1003
292222955 4048
194486106 8164
332494634 4736
226502060 5511
163031155 7351
587715724 5010
371970830 7442
647753652 7561
331358731 9363
63980227 5603
164007171 9378
505689820 113
409439129 7334
103667832 9463
721422080 2081
361291336 5333
207223358 5511
105728623 9093
591590 1782
533829786 5575
15352397 4955
48773501 7732
394096233 1702
250517115 9922
272704836 9127
462647617 1330
310198042 3447
306799637 8387
456745634 2418
363353845 6582
109639505 1033
105567435 9489
33629198 4397
615578398 3694
19837395 4613
210306889 8571
553209810 8449
263676356 9810
625122744 5702
158723638 1796
104157516 4376
187096104 8363
87754401 1182
150547116 9482
517134358 7274
380097151 6131
342882212 6119
506600403 3259
36064037 5181
7629202 3311
293197649 4599
151168351 292
738565386 1684
153095605 4513
68045179 6569
455095451 4689
76564930 3999
574971933 5929
275770508 307
486056082 7607
529459053 7765
330074754 9523
607757293 2720
560787475 8649
432163811 3365
458646002 2198
368921278 3877
497108621 1265
282747926 346
366782409 3720
14210804 2602
140626889 4336
663411072 6439
332884331 9478
260598907 9745
491136938 4447
587208429 9889
337761457 7109
748879127 3866
324472441 8656
640500568 2244
593860225 6895
136441905 2129
455119119 7840
680255970 112
408776045 2904
231464150 1187
457146933 5589
278175064 864
312684209 8184
138720366 4428
296763557 8779
116018603 6469
120306058 178
747308988 1266
286255088 8690
679534570 8758
41268837 7163
148914578 2617
478454165 387
415648643 3838
91638059 7059
668684357 3653
561847050 6347
55463155 2587
739549020 9710
678093760 2677
427181474 2097
418964997 8263
430524486 769
455087075 1817
94670275 6979
339467748 1570
481680605 96
659337619 6449
559242896 1681
670182502 8102
46932872 1871
560528397 3156
334607225 9672
662750018 2708
538716993 1688
273876467 7836
575994692 4470
478320811 1856
58512265 3599
216885545 6955
470378412 9571
12314689 1650
93145821 3661
493097267 8496
264074302 7688
575803891 9205
647233811 1334
150780555 2780
67543273 3931
215443270 2467
313183446 197
3067852 9219
601702402 2246
635135671 5636
261463766 4812
141775628 5002
350557322 422
122548919 2628
127217478 1519
740596608 1504
52833839 1483
479392467 6054
233961230 4270
447148406 149
419422892 3307
560406048 2640
34000105 8131
560040055 7785
133864469 6454
365691229 2720
217979458 7513
81295577 2597
709602143 982
579403138 7773
268086615 8686
495634123 1061
87002464 8535
322121241 9133
460433426 9099
712638894 2024
488310057 7366
689719648 7773
304732911 4197
393128648 4582
580778823 7844
395861292 4040
235360259 1676
534698050 5367
350312755 6877
434227929 8427
539964683 3247
237019700 2518
749798434 6937
166167800 2501
396061518 2128
556409706 6584
618267125 4746
721771878 4055
96018145 2277
9407717 3022
522701453 1976
419128700 3752
388861394 8433
282496049 2346
254763600 1875
563426078 7060
272830317 5761
644666096 3509
229108117 6511
737776073 5041
402192744 3484
532944880 7902
192273608 9466
485845900 5805
124624648 9726
183296428 814
479790894 3600
645594766 3906
492090505 4235
196180110 3319
712639605 2634
745807742 2857
160693772 5
490721952 2132
334291846 7863
212272634 4121
663560687 1403
395450153 1249
443376831 1217
746601644 3102
612445451 5153
96586420 5578
203463969 465
607855393 1142
185374077 3894
494514536 2184
17395394 113
192247337 1016
498542975 8663
251936089 9298
194323586 7575
135735824 1069
696013612 6986
695590397 4541
355431600 3949
211185 4542
611216183 2592
23604132 6175
449575311 8246
16920368 232
586310354 6393
301214212 944
420754540 1907
109969627 5184
544562382 6612
176195981 8018
105489878 7173
555191456 8573
598499074 6650
655938166 5541
403787193 8665
286011423 3596
475620706 8085
155643792 9821
541558777 3659
214450306 6849
450566688 5958
260801367 874
418099521 9221
445102186 8536
192459814 3918
652010275 7934
668491514 3743
193340012 4291
46878619 1620
416862449 3130
311520487 9631
277157094 3503
53739378 1473
346356902 1045
57536779 389
655285602 6023
231270977 6238
271695956 6038
84420099 3521
376515490 9919
538528448 4188
569198245 9591
679042687 9060
652586431 6306
641059086 5495
386277785 3495
434209400 2940
155504291 956
474499281 3929
465920588 6916
226187434 604
489280054 4929
639950851 2088
725751367 6803
122617328 7099
279928952 6932
497222476 8180
134838684 7409
318247171 9027
49484515 5956
385241413 3538
504800235 7741
239698741 3411
451432646 7307
360896514 8100
297710221 976
217457746 8405
650714658 8722
595575680 7264
326456556 5174
187352898 6061
538216203 1361
83063909 7384
113928658 5
381734134 498
353865580 5512
42541618 9280
632853636 4151
125492865 4914
631229877 5958
465721682 3671
663206458 694
643214432 8011
426277689 5241
69148451 2116
547863966 2801
694003731 244
420691663 5266
274071028 6663
272749568 6730
506809090 5171
190915236 7641
485023242 6980
404394031 2768
90429433 9246
604358587 2935
118669393 8230
451472966 8889
568891572 6297
498081878 3597
670335887 7825
404335772 3462
242883223 3668
377114809 7091
681857243 7464
209618127 4106
487129940 8214
678441837 8506
589858513 7600
436997017 6780
571069776 8665
339522947 656
263972618 8605
330964733 3949
639010087 4464
583258291 7785
118586619 9194
507608618 5777
59563079 6171
524960935 3954
237269137 9381
532043375 6589
121843092 2833
8173318 2587
596809861 6774
78782898 8284
393296354 9999
113332300 6257
158144645 5781
511909423 2978
491881856 8642
426703635 9065
434397648 736
97033748 9678
631609646 4267
658426317 642
380444517 2614
219305995 6264
637690695 1168
460298805 2821
138288383 9990
66856817 2302
266427968 2666
455998043 8598
523234017 2416
40315183 3303
591444653 2018
710455104 8031
136595755 3346
607475245 7509
407766202 6282
509464623 2757
420392607 889
272294017 8497
644518377 5872
519582042 2072
494605532 5153
598912458 2402
425030098 4599
8422558 3551
451416391 1991
575795961 9338
409796294 5581
735897099 8418
644171918 420
29040682 8684
2059730 1968
92467785 940
647355732 757
741436991 6444
518112202 2161
476120042 7541
123251296 126
151289313 4778
725832869 4793
503739217 2219
223918403 2941
443710881 8059
150805780 1786
286578146 4705
614910496 9420
349131814 7922
419070272 8913
224062627 8565
123378643 2459
319783358 6524
437337771 4972
514716860 6430
644297658 8039
294149216 3995
565662192 8209
625106125 962
210627372 3521
408549205 7878
260306695 7266
680218969 8430
285766879 4443
282391275 396
166046156 9319
53106321 724
411904301 6191
419890676 672
451409722 6181
311374457 7535
730249925 8553
135831659 7806
331973556 5043
581680764 8095
593206826 9062
651601981 1300
590417827 9508
561611239 6078
178344402 1628
720745828 7390
144913450 6307
31612758 542
180491358 3314
332291145 5878
553481062 5083
292498000 5133
693957331 7873
332302848 1034
588857070 3634
39334546 8177
287276733 6725
629963848 5481
647179025 5536
55181687 8634
176083805 7900
443183053 8076
726456037 9221
399394108 6150
423388292 9638
53707995 4520
196422842 1402
430605762 7888
332015182 8966
749692333 8970
47983936 8185
163339677 5157
172153534 3774
618740316 4479
410928718 3649
301611199 8470
220706268 3360
704573763 1164
433404575 2338
426453144 8948
645096999 1329
602365524 6357
492346776 4827
568876744 5351
553376620 7630
102753431 3238
693876187 2275
464870919 6667
726743707 4777
455924649 3056
157188322 4053
310062372 3971
77850044 4718
344398725 3986
16798571 7117
108163937 4865
454276178 1060
360892792 7752
5741975 5909
56577969 3001
687611075 6019
537565805 2408
470873718 2857
604894809 7740
665162377 5616
670316870 6979
350563347 7502
745199946 9094
444774528 8905
616120621 9029
498757783 5207
78939221 2269
323350093 3181
273438002 3106
725583784 3376
84126547 7249
192543177 8165
78405954 5444
476036713 9305
88802246 2783
222336107 118
567906784 6799
240751725 1937
96832304 8321
492697107 8198
666909093 6832
728186337 3563
347788268 9544
123126899 7018
273387362 498
63635652 6473
107769954 672
252908575 7964
407465213 6825
299364073 877
81612215 5932
381954729 5682
486297609 1212
229565458 7129
69836533 266
377187364 8467
140435459 2494
251206171 2604
39398306 1298
718230636 6686
149962611 9625
568175660 7460
677000066 5522
568398703 8445
157295015 698
122266730 9958
651110601 5376
207098800 3886
449708860 5399
10289190 698
289366268 4054
340094360 1090
43801056 4750
567976436 5311
218497539 7315
470545678 9500
32824871 49
32194217 8196
30107863 8169
24993924 5443
29680619 656
29645694 5266
32610444 2487
13451233 7299
10611711 9130
10039238 6017
9219607 2642
3488343 1988
20188242 7478
12480372 4115
30140654 2012
19407383 5167
5400023 3160
378461 6902
31872203 9224
18901890 8691
26292608 4003
28334209 6475
27674563 8843
24241536 2919
4173336 9964
22343550 6082
12341081 2857
17697278 6870
13042991 3703
21968604 4569
28285737 3902
747739 5399
16187047 5344
26985057 5507
22746574 1985
22051945 4848
11313057 7268
32730991 1726
17504569 6669
29155912 2614
30754806 3050
2612929 5883
24889486 9557
2778951 2381
24689769 458
12049694 4345
19447073 5806
6559914 5706
19677716 9120
29363664 6317
911693520 5
361420543 5833
162427177 8460
685313731 8393
130346360 6176
266846569 9200
965958157 100
758959571 3567
25377653 9232
431191970 6269
840366497 9279
89342110 6578
611184603 1714
782392553 9709
351375256 2280
788825428 1178
556879144 9496
513452607 5503
275882657 8071
458887053 8490
185540010 8922
118474545 1137
822959400 3704
460944288 6977
297030719 7215
455449556 9885
539506604 9041
438665371 3945
902834259 9751
196503372 8548
656700086 9932
204608751 8939
209945289 2303
246114084 8541
66786916 7894
897749592 2897
182493385 5048
438056974 3635
760355409 5048
555909780 771
633684139 4550
462744607 8456
390387129 111
363794508 4334
255809958 6544
360894802 5287
654889789 4187
261914300 6952
9867565 7705
894074777 7313
211490864 6382
96408755 2398
156250771 3243
353065367 1759
579445842 8921
11289508 2244
248529542 7106
711383760 4132
341637187 9415
665524908 9089
10421999 2946
445788850 8451
595948151 2513
423378781 8706
705102264 5863
376765665 2484
748317919 2652
422326324 5670
452514598 5676
760995793 1200
316651055 740
3289107 2556
46003992 3441
692404700 684
899897670 8801
185083945 7867
388621139 4027
454666257 3000
143941119 5315
637542352 3671
34260462 8920
554289728 2668
729589657 2608
319263977 2926
93688058 556
269985565 8877
401043324 8167
921439797 7641
849968696 5990
152417787 4426
527270707 5182
222664644 879
718736111 2069
103488114 7597
400391814 6217
950385675 114
628584899 4033
528123634 4597
547937531 2084
636209842 3265
941259550 1048
315287341 1811
704505128 7905
463813346 5576
400598873 4680
416675584 9645
111183696 5056
1000000000 100
962000000 1
978000000 1
933000000 1
984000000 1
998000000 1
970000000 1
903000000 1
994000000 1
924000000 1
988000000 1
963000000 1
971000000 1
922000000 1
973000000 1
982000000 1
947000000 1
960000000 1
927000000 1
921000000 1
918000000 1
940000000 1
990000000 1
926000000 1
952000000 1
900000000 1
902000000 1
972000000 1
966000000 1
996000000 1
939000000 1
946000000 1
997000000 1
919000000 1
905000000 1
948000000 1
928000000 1
929000000 1
965000000 1
979000000 1
949000000 1
995000000 1
950000000 1
923000000 1
968000000 1
941000000 1
938000000 1
961000000 1
932000000 1
964000000 1
957000000 1
985000000 1
983000000 1
912000000 1
930000000 1
991000000 1
981000000 1
951000000 1
914000000 1
955000000 1
916000000 1
936000000 1
917000000 1
920000000 1
986000000 1
909000000 1
942000000 1
901000000 1
934000000 1
992000000 1
913000000 1
935000000 1
954000000 1
999000000 1
943000000 1
945000000 1
975000000 1
911000000 1
974000000 1
993000000 1
915000000 1
969000000 1
980000000 1
976000000 1
931000000 1
967000000 1
959000000 1
904000000 1
989000000 1
925000000 1
906000000 1
910000000 1
977000000 1
907000000 1
944000000 1
953000000 1
987000000 1
937000000 1
956000000 1
958000000 1
908000000 1
1000000000 100
12345647 31
12345659 19
12345622 56
12345646 32
12345581 97
12345662 16
12345578 100
12345639 39
12345645 33
12345624 54
12345615 63
12345585 93
12345668 10
12345603 75
12345579 99
12345676 2
12345669 9
12345667 11
12345605 73
12345633 45
12345649 29
12345627 51
12345628 50
12345583 95
12345604 74
12345596 82
12345671 7
12345591 87
12345655 23
12345584 94
12345663 15
12345675 3
12345608 70
12345580 98
12345634 44
12345629 49
12345642 36
12345656 22
12345632 46
12345598 80
12345626 52
12345625 53
12345577 101
12345672 6
12345641 37
12345636 42
12345652 26
12345597 81
12345664 14
12345600 78
12345616 62
12345660 18
12345611 67
12345651 27
12345610 68
12345618 60
12345657 21
12345599 79
12345593 85
12345586 92
12345614 64
12345635 43
12345592 86
12345617 61
12345658 20
12345653 25
12345674 4
12345602 76
12345673 5
12345654 24
12345638 40
12345644 34
12345643 35
12345640 38
12345594 84
12345665 13
12345587 91
12345582 96
12345619 59
12345620 58
12345621 57
12345661 17
12345670 8
12345637 41
12345609 69
12345606 72
12345601 77
12345623 55
12345648 30
12345613 65
12345589 89
12345666 12
12345607 71
12345590 88
12345595 83
12345631 47
12345650 28
12345630 48
12345612 66
12345588 90
411520050 30
25076940 258
344224350 3946
380692051 7375
294283436 1444
112969541 9486
369027847 6216
186741474 7917
5830685 5684
217949373 6193
29658377 2462
37680457 9748
355248545 4559
277583446 6616
393935948 2971
362537303 9927
349168275 3258
187646581 1593
23167314 9698
395945062 1659
304057386 7580
92790742 9903
375856899 3959
176507204 5640
129280653 5420
178603843 9147
185204424 2817
215028627 9714
116084115 4186
155628631 9500
228043852 4265
533635077 96
18459315 2497
70109929 8658
208034931 3066
182996277 9894
66190414 9256
412024680 3305
50599090 8789
421445269 6588
148826323 2780
92438816 747
527643971 5500
479175716 3796
330868852 9941
220389217 9993
419498048 3394
479815733 1233
299370495 8513
120696737 8430
463858475 1636
351163953 9351
232865077 4585
300574981 4737
356539608 1928
341310031 1655
342316752 7260
248440232 9314
394299469 7110
523592150 9279
78988046 4292
30371177 1248
353178373 1917
188030285 4868
421318799 8065
503150329 9167
127387478 7678
10084834 2205
147135083 9111
414125898 8009
329988536 3728
480046677 9099
183593121 8824
305257275 139
444219323 5502
43574810 4581
411984139 628
9513119 7658
282513443 6337
422893186 183
524489085 2686
449014249 8456
91952027 1808
405239758 9904
353238174 640
239730807 5286
21441606 6306
145782490 3097
2050829 6072
118132527 8799
181391480 3883
307020547 2554
459150312 4725
321066460 3038
517802976 2782
293168993 2153
200369315 2211
9683969 2340
499583277 5076
379827124 9761
512117822 3297
220653097 2448
24027298 1633
59688941 9388
14660091 4616
78014303 5566
528279112 2659
30424570 7742
338447742 4703
500245225 2420
168447824 5220
523056969 6472
499191334 6662
184588511 7500
157818720 4306
224380296 7706
477741015 748
184286160 6225
285350005 9391
262583441 9070
130755586 2897
389024592 941
454740331 1298
291913458 6675
473456084 5045
270585811 8073
488151094 335
58872493 6382
474234184 100
50281480 9786
408796609 9096
94589857 8326
461947346 2259
182807116 7906
240592353 2866
402730006 2652
332043054 2333
945098 9125
82945462 5802
340086373 6826
264652459 1896
434618920 6097
27364084 2216
123786783 5733
14414031 9821
85811335 2946
306244462 9852
295368361 7696
6997639 5506
137352694 8218
436338990 5436
404618108 9520
379760363 2635
472487834 6848
382089564 7166
327523202 1405
310172866 1846
255615129 5903
35875061 8463
313926239 3894
355825646 1274
140465880 4168
111597586 880
387048017 719
236485977 7018
391943052 8294
330526158 4478
149841279 2701
196316130 2420
250249119 2903
16277727 7459
235350212 4892
327378016 6589
133407032 5138
203695766 8661
289917519 2728
234475848 2219
6373108 5501
209722660 4691
74595285 5401
418951587 9437
22779450 249
264514572 9637
18711483 3357
151428397 7948
331508518 8977
209155246 5321
460530787 1488
79819664 8199
406116435 6876
242300799 4996
469629130 5334
96887542 2886
239933938 1303
35237145 9758
380299129 3390
84070211 9653
367258204 9339
419410138 3832
360693072 5773
372681420 3125
465310346 2223
225379267 5536
468955849 7703
206722504 9937
233195623 6688
375483672 5312
260831213 5451
154170372 7424
152481996 569
437313906 9570
236148764 5901
288791668 7123
443824867 2021
100717946 9935
252480902 6894
135244868 6229
144523001 6341
119271707 729
308854149 5405
391862820 4593
253601991 4973
206665990 8928
348548758 13
176111032 4222
331576622 5581
45842902 5350
365783984 9423
39382654 7941
33978183 4
6563888 9053
12265725 6914
9213628 7870
10900045 8114
511004587 100
375049607 4196
18327786 1387
468072084 2627
208171801 1410
504339358 1757
420213783 5903
306446045 2346
88565706 7543
418059293 7606
489934274 7438
69824695 3596
6185232 2777
437518188 9213
158335576 2658
30229092 9413
392606072 1238
37982905 9770
375627055 550
502298348 7621
36203363 9018
415558844 8230
253077926 8634
14054402 9483
377376137 4789
241975574 8582
189330450 144
190646762 8326
141525846 1468
121837524 222
43370378 7960
433937576 1557
356625912 5613
47418918 3847
275742027 9643
83203283 625
328606080 8763
459108677 1469
464944645 5517
111938405 7537
283181450 6927
67220551 126
144620985 6631
432036676 8236
444838249 7332
363912662 5040
432070941 2935
457415432 9934
392968095 7643
296887395 4556
86939582 4088
243360355 6878
367268405 3643
311211078 766
338198984 2747
78434929 4958
303062308 9312
454632958 8375
333873749 420
54487983 3917
150939452 717
252413188 5243
227416972 7457
74646498 187
208164914 8686
43452061 7235
357629447 6701
73412286 2930
177943876 2488
282841202 5450
204425801 5554
476710065 2424
45962729 5883
453211958 4866
261008659 7464
344515327 7845
116863388 6004
206858097 2556
416996243 5727
148492761 1775
367990637 6187
287796882 6403
191500788 814
349968120 4174
108099363 81
23278709 6506
44265195 9124
356732054 2853
367235514 9229
262775279 8941
222527399 7565
207237960 2043
317069708 4771
251413117 3090
182202470 1215
393106855 8502
277877880 9460
158888648 140
382529990 7889
133661559 6065
482836134 2102
357007129 100
356621283 579
81575853 7516
225103827 1814
114829625 7317
251652147 2792
182665230 9499
69013202 8445
105888222 5714
315925772 6142
232678492 9097
149986787 5451
93119044 3104
138019279 8422
285974948 5542
87494766 72
272465218 5719
2528064 2321
242894642 6254
245573780 2376
306668259 7355
212509873 742
82438032 8113
54383897 9571
180944573 2801
246887585 3162
229776730 5630
102250904 4446
25424082 5153
20193265 703
36451436 1300
52921578 1386
307781603 8588
16455249 4783
342490784 3162
221131004 2685
162927203 3137
27393396 8897
339408061 90
231572969 7367
254459115 9668
257538326 2727
247951772 6721
181892271 5800
73975286 7605
295599546 5244
133427202 9508
188523802 4626
7928708 4918
345959984 8383
256748008 6113
177755888 2230
38144258 5753
237831179 8600
117414982 8464
238098684 3011
49221451 9171
125828039 1210
260424875 8821
311626086 9792
76235441 54
319135127 9667
19059664 4205
150876450 6650
324577850 2531
45302942 7832
290813099 2845
226633361 3191
38869042 7518
50541077 7850
289438409 6569
262394748 5208
170955446 2194
13718037 3604
3848390 4027
118344344 9451
107126837 4985
58336 4481
128355200 343
82603366 7978
343516362 9726
123754193 8865
103053933 1536
333003101 6714
179228103 2666
194983187 2690
297871863 4954
49363125 3605
3527901 2331
44982879 5416
244273349 6584
91021119 9185
268716698 2412
89678395 3741
286858656 5858
236384569 449
216419227 5228
280930870 8874
259914647 9788
90973936 67
317204039 3438
398495457 3
226839336 4939
135360740 604
384250999 1402
1000000000 1
1 1
840083859 16
684279663 5989
570655883 3589
78808456 2460
234474795 2487
200525937 6482
635130383 4270
167821018 1347
406321351 5841
202644906 7319
603040771 2878
286081129 3980
339870468 2381
265641874 5886
774583157 3733
310942008 6557
503329274 5725
200000 100
1777 4
8242 5
3867 8
3021 5
3474 5
9858 1
5906 10
3870 2
4718 3
1152 7
7051 8
4706 4
457 2
4173 4
1746 10
3680 5
6037 5
6771 10
9173 3
7678 4
9365 4
2317 6
6260 4
6353 5
4539 5
1482 3
6256 9
2380 3
9522 6
8502 3
603 2
8054 9
3379 4
9761 6
8136 8
5000 3
7695 10
7890 6
1271 9
8504 2
859 4
69 10
2312 8
1292 9
3856 2
9192 6
8050 10
212 9
1246 8
1711 4
9695 8
6272 7
926 10
3721 10
5496 5
9681 6
5083 7
6744 6
6865 10
7226 7
2426 3
3506 2
6638 10
8601 5
1108 4
3678 4
4264 3
1544 5
712 10
769 2
142 4
2956 6
8540 9
2646 9
299 7
6356 6
9857 2
4641 7
5247 8
3097 6
8966 4
6308 9
4400 8
2986 4
1440 9
233 7
6729 3
4687 2
5972 6
6163 9
363 9
8053 10
7585 9
7685 9
5556 7
3184 8
2798 3
2168 9
1596 9
1763 7
743711562 33
477683616 7405
446665088 4624
192778852 3442
4886953 6176
645653836 8136
344549571 1338
694078214 4855
262621693 6933
154721309 619
655598481 4373
197263571 7348
741715269 6234
328592154 5741
229226493 9659
698439226 3043
198041346 8631
500833539 433
344796425 2899
181721189 9645
467561355 9295
436532445 2072
42473276 8587
333193743 3601
76978061 420
552903509 9597
19341268 4099
255621542 8039
738712675 5252
173013011 7307
485261445 6864
410260908 5547
389340164 9887
338515294 1438
200000 1000
5550 3
2008 7
5138 3
6300 9
3261 9
1689 9
3899 3
3530 6
6882 2
9369 8
8385 9
5961 3
1984 9
5851 10
9545 3
7371 7
5896 9
7529 7
5654 4
7491 9
4150 6
9967 8
8895 6
8137 2
5097 6
7647 2
1478 6
1615 2
8634 7
6864 4
4406 9
1372 6
817 4
8140 6
6531 5
5496 6
682 7
4155 7
2273 5
7335 2
1775 6
9379 6
4038 9
7958 3
9464 8
676 6
4172 6
3683 7
1611 2
2658 5
1149 5
3178 4
6207 2
7222 10
2388 6
4814 8
4328 6
8833 2
5992 5
8674 7
8816 4
8096 6
4431 7
5179 3
389 3
2832 7
5959 5
461 8
6873 7
2220 8
119 7
2867 7
2755 4
3128 10
677 9
4803 8
2667 6
3201 8
5417 9
2375 2
1737 2
7829 7
7791 3
6793 9
5875 4
7039 3
8144 8
2725 8
9499 8
3598 3
6130 3
6490 5
8382 5
4219 6
8298 8
7258 4
6588 3
6842 9
5838 10
8650 10
9690 7
9315 2
3881 7
8802 10
1141 6
802 5
2286 7
8621 6
2171 8
8496 4
6268 10
7443 3
2111 9
9387 6
4957 8
7100 6
5383 8
3338 8
4428 3
1059 9
1276 4
153 9
1217 6
4407 3
359 10
3488 8
7943 2
1324 9
3754 10
2781 3
4496 5
9190 6
1383 4
1520 4
648 7
1452 3
7438 7
9264 10
1940 9
1608 5
1756 6
419 9
532 4
9327 6
262 7
3024 3
8438 4
2694 9
8122 4
2705 5
7316 9
2583 8
4583 6
3043 2
8607 7
3878 2
2485 7
9918 5
700 4
2903 10
9697 8
8265 2
3522 4
6570 5
8320 9
5079 6
9015 7
9989 1
7254 9
1413 8
2986 4
684 4
773 8
3545 5
5276 10
3495 10
471 8
3926 10
2462 10
7346 9
2147 5
7573 10
174 6
2451 8
7169 5
2514 4
3905 7
2295 5
4524 7
2184 5
2207 4
2441 5
9235 4
2478 10
4599 9
9187 7
6432 3
9572 5
5305 4
6622 3
9855 4
5650 2
5973 4
3507 3
4675 10
2578 7
1590 4
40 10
2020 10
2339 9
3220 6
2821 2
739 6
3701 10
7509 6
9309 6
1929 8
8662 9
5028 7
5000 3
1762 10
7288 5
312 7
2328 5
6188 8
1831 3
1464 4
8542 10
835 4
3221 6
7489 4
9605 4
2425 5
4149 9
8750 3
798 2
2091 5
3366 3
444 5
3618 4
5431 7
8917 5
167 3
6060 8
8647 4
2217 8
7771 8
6815 5
8328 5
1849 5
8703 7
57 8
2419 6
7533 4
4703 7
9426 9
5258 2
9312 10
8806 6
1540 6
1193 10
9313 9
8974 5
5676 5
2438 5
8206 3
7154 6
2338 5
5717 10
8116 2
8455 10
967 3
54 7
1064 6
1344 4
1910 3
5447 7
7672 8
3270 5
1697 7
5322 2
9075 8
3468 2
2167 5
7772 7
5149 7
1420 4
9758 8
851 8
7191 2
9720 3
1256 2
8367 7
6829 6
9332 7
6684 2
7225 4
9599 8
9915 2
5139 9
7015 6
6428 2
458 5
6890 2
4410 3
3921 9
2734 6
8453 6
2908 8
2598 8
8893 2
4751 3
7510 8
689 7
8132 7
5495 7
8162 10
7626 7
6614 7
2405 7
8015 8
4179 10
3101 6
7115 8
266 8
2093 3
7042 9
2306 5
8890 9
3042 8
223 6
2333 9
1914 3
9068 7
3 5
4900 10
6252 7
5299 10
7354 9
4561 7
42 10
1311 9
5988 5
1885 3
6493 9
1486 8
6976 4
3269 6
3980 3
6615 6
41 2
8831 3
9760 7
6621 5
1938 2
7635 9
6605 5
9403 2
1319 8
587 4
8927 4
1355 4
9847 9
9688 6
5363 2
1020 2
7866 8
514 5
6359 3
163 7
7282 10
8921 7
2048 9
4262 9
7839 6
7166 8
3021 2
7402 3
9789 3
1028 9
6356 6
364 3
9353 3
7542 5
8491 5
4644 5
3795 8
379 4
459 6
1169 7
6688 8
6837 9
946 8
7826 9
8556 5
3409 2
5449 8
7329 9
6696 3
8263 4
3863 9
7700 10
3429 5
3432 5
7867 2
5553 9
2195 6
3655 7
8945 6
1893 2
8478 7
3453 2
4800 7
1232 7
6797 2
6643 5
2242 7
5953 10
4003 4
4952 2
3696 9
3415 4
878 8
605 6
2428 2
3076 10
6545 3
2113 6
9988 8
5394 7
220 5
6077 7
3858 8
3075 6
358 10
2736 10
2711 10
5446 10
849 10
6980 2
3584 10
9325 6
368 5
4708 2
4468 2
5093 7
1718 4
5895 3
1111 6
873 9
2735 2
1949 6
5653 4
4680 10
8380 2
8578 4
5909 5
1650 3
9 4
3388 6
1990 4
1075 3
759 6
1215 9
3916 3
7468 8
9776 9
6046 4
1415 10
4288 6
5927 2
6112 4
1623 5
8560 6
2005 8
5186 5
9395 9
6434 9
5824 3
7277 8
2901 2
1812 6
1154 3
4556 9
3676 3
9551 7
8767 7
4373 2
3959 5
8168 2
8379 9
3099 3
6673 8
7471 6
866 5
5346 3
2884 4
6903 9
3939 5
3470 9
7760 4
2253 9
3645 9
9595 6
6516 2
4949 10
848 10
5252 10
2067 3
1033 10
6374 7
574 8
2474 3
5698 7
4175 6
2926 7
1562 9
3992 8
5835 6
1791 7
7322 5
9430 4
9673 4
9221 5
626 10
9530 7
2095 5
5686 9
8574 9
8957 9
7442 4
521 10
7910 5
3332 10
9378 2
6944 8
7434 4
9749 4
7736 8
9308 4
6231 2
2842 6
7964 8
1569 6
6163 6
8970 7
2165 3
618 6
385 9
3266 4
7304 6
6059 6
5187 5
4767 7
7399 2
9540 9
1387 8
8002 3
9399 6
1112 6
6709 10
6460 3
3094 9
938 3
8640 2
7876 2
265 9
6151 4
9577 9
5184 6
3058 4
8208 5
7417 8
9927 10
3098 10
5286 8
9908 2
3306 6
8354 5
145 3
8221 4
4602 7
3260 6
7731 9
4836 4
9963 8
669 10
3319 2
4611 6
7327 5
5808 9
3336 4
7938 2
7993 10
9957 3
5593 4
6331 10
4060 4
4202 4
3932 2
232 8
3996 3
907 6
3946 6
3644 3
7076 5
3081 10
2292 3
7729 10
429 6
48 5
7709 3
2633 8
7205 8
8514 10
7267 8
3193 2
6338 4
8710 7
6277 8
7842 8
3501 3
6023 5
3518 2
319 10
1628 3
4865 2
3187 2
4126 8
4796 5
2026 5
6591 9
3853 7
1804 2
6412 9
3397 3
1850 7
3800 8
8104 5
2353 7
6031 3
7545 10
1856 10
3961 9
234 8
2009 8
8814 7
5796 5
3808 6
5025 10
2992 5
4702 7
6763 5
4375 4
3112 6
6681 10
7539 5
4462 5
4773 6
9640 5
8107 7
5261 10
2243 5
5297 2
3433 6
6379 2
6736 4
2209 5
1824 7
5794 6
6299 3
8910 10
9462 9
408 7
6352 8
3292 2
8714 8
984 9
9954 2
7077 10
965 6
3159 10
7969 3
3719 10
2409 9
4270 6
2990 2
6789 8
2640 3
8592 2
1470 8
4205 4
3309 9
6640 4
8851 5
816 2
8458 8
1660 4
8719 5
4518 8
1612 7
8175 2
3602 7
7101 3
7880 3
84 6
5052 5
6292 5
4128 3
9732 5
9408 9
7521 3
8054 5
8717 7
8991 3
5673 4
3350 4
4087 10
6916 4
4269 6
981 4
8821 6
4870 4
8313 4
4987 6
3972 2
9799 7
9960 5
6305 5
3678 4
6199 10
3743 2
3232 3
2809 4
4634 8
6436 2
9116 8
5768 6
6914 5
8127 2
5718 3
6389 2
4035 8
9910 9
8586 8
1392 7
3720 6
9242 2
1738 10
7449 2
2873 10
3192 10
1556 5
6061 3
8053 5
6866 10
6830 2
9893 9
8789 2
3706 6
1395 9
6141 3
4821 4
2919 9
590 8
9667 9
3404 6
4395 9
9019 9
986 3
7753 7
8468 4
5866 7
9951 3
4639 5
742 4
6147 2
3693 10
2724 5
488 2
5632 4
7598 10
5809 10
2455 3
4180 7
2632 2
7920 5
3682 7
7787 3
8077 3
2728 10
3698 9
7229 10
7094 9
7183 6
8489 2
124 3
3519 7
9437 5
3732 6
2792 4
6971 10
5512 5
2169 6
5146 10
9490 5
448 6
3038 6
3613 5
5742 9
9766 6
7376 3
4619 3
727 9
3677 10
7255 2
1717 10
5916 2
6242 8
135 2
5218 2
8155 7
774 2
8154 3
3634 10
5828 5
2890 4
3274 7
5560 5
1463 2
7854 8
5616 10
9618 2
2968 6
318 3
478 8
1124 2
5764 9
2194 8
7367 8
6755 10
2917 9
467 2
7711 9
5905 6
5740 2
3786 9
6912 3
6417 7
4408 7
1646 4
6606 3
8509 10
3005 10
7324 7
4913 7
7816 4
7016 5
4481 6
8803 9
4818 6
3327 2
8818 3
3929 5
2491 10
7531 5
2011 10
4097 4
5339 8
4349 4
4672 6
2337 7
7504 9
485 4
8682 9
7389 9
4217 8
554 2
5444 9
5352 7
4354 10
9801 10
1019 7
7340 4
6215 4
2779 5
4442 8
6582 10
7892 2
9347 8
5117 10
4054 8
2172 4
7102 5
5714 9
6831 4
7495 7
1471 2
8092 9
9076 4
7638 9
4849 4
6006 9
342 10
7572 2
7126 6
5385 2
799 7
6202 4
6284 5
3121 9
2106 5
6308 4
5900 9
8964 7
7149 9
5284 3
6482 7
3752 9
9134 8
8003 10
956 4
8581 2
983 4
3378 3
1094 6
3659 10
354 3
256 3
3537 2
9557 6
5861 9
2137 6
7405 8
783 9
2661 2
1188 2
8985 5
2854 10
8186 9
2910 5
3615 7
4880 3
5804 9
9017 2
7747 7
2707 9
9880 6
6878 4
7886 3
9461 10
1084 7
7871 6
7059 2
7879 10
3977 10
5105 6
3014 2
6282 4
9566 3
3092 3
4529 8
6787 3
5084 4
150 9
520 3
9771 6
588 4
2509 6
2560 5
966 5
7562 2
5915 10
7480 10
4825 8
3017 6
6760 5
6197 7
3448 10
754 7
2541 8
5580 3
3840 10
5906 8
7584 2
3856 6
2277 10
5452 5
183 3
2128 3
2856 5
3070 10
4601 8
9729 10
6880 5
8665 8
1038 6
268 6
9201 2
2045 9
741213391 2
682022670 3378
137006484 4371
336954606 5
195817452 8769
31267923 9488
283643811 1159
71079192 6218
228165509 5351
9156913 6
7184009 2152
3110695 3402
1383013 4970
9017394 3099
5823679 5671
5830345 3951
608773429 2
400693970 7072
214071836 826
639886484 66
634465214 8744
44972394 84
223486666 7284
613889654 7383
467381988 1521
138413187 9435
239771140 4043
32552177 3542
104394839 9680
615351977 356
252823629 6524
341435531 2950
49394950 5066
498074613 6080
457107131 6719
8130479 4206
450575071 160
416205688 4183
39202518 479
152532184 1322
253160524 683
391200337 496
530072813 5232
287014324 5327
173817862 5142
589031664 4724
499214262 8739
308913823 1517
146687730 4559
485944416 704
59527693 5888
582091436 8869
630973508 9322
273014971 4386
264975538 30
98460680 4601
491375001 8236
244211527 8611
171953033 7296
504404240 8908
290825627 4605
487145681 6345
58963175 6569
165719850 3405
273331726 6527
561689736 5282
585635794 4641
191328342 6498
543692522 1770
465355493 8243
468567949 3814
560985805 3348
411195373 2802
459968940 2307
542963831 765
615863286 100
281188345 5915
174744967 8574
635992441 757
566741326 349
223714726 6039
174602077 5468
52407420 4285
36248326 9974
255946385 4456
337481140 7502
200000 100
1470 3
4786 9
9868 6
2385 7
5079 10
1871 10
6895 7
3497 8
8804 9
715 4
5488 6
8818 9
1232 3
9883 10
5695 7
3962 10
5501 3
966 10
2123 7
3645 6
1486 6
9561 8
7859 3
2702 6
5881 9
5743 4
5792 9
9556 8
3438 5
3964 2
3123 5
3450 4
9017 5
3606 3
9251 6
7228 5
8005 7
6594 9
2692 5
3560 9
5492 5
1116 6
2543 8
8176 4
8220 7
4386 7
2235 7
9572 10
1361 5
3570 3
3292 2
7163 4
3821 3
4490 10
5678 10
6092 10
2045 3
8373 9
5093 4
7831 5
7750 5
6040 6
7858 8
8266 4
5228 9
6575 4
2280 9
4383 3
231 5
9475 3
8212 3
5062 5
192 7
6521 2
5306 2
1153 2
3659 5
9998 9
3452 4
5118 2
1480 7
7553 10
3309 3
8247 8
3396 4
623 2
9999 1
2616 4
9346 8
5685 9
2393 3
4688 4
5000 8
9713 9
7918 5
4432 9
8953 4
7999 9
2173 6
5932 5
158910984 57
88109419 4918
69232393 6771
125841027 1071
89065620 5702
90451550 5797
109543015 4427
90435285 8828
43484562 1261
85394408 9338
77327914 421
158881696 7192
158460288 6506
62488396 9715
26602777 2549
64769460 1049
77223853 2011
100549936 2823
68822777 2262
26028920 3353
107682051 5881
101362998 7102
87881509 2212
88921419 3510
101690608 3938
56196237 4343
68479228 4808
100416903 869
89328387 5633
59755846 3244
151603370 6193
111865099 962
11325748 2147
43515231 5076
139917268 1688
9055749 1325
22062380 516
26141822 951
149313541 6615
105997607 3021
20231322 3835
56067037 9297
145636635 4307
115756457 7567
128279295 9702
46830872 9319
149489168 4021
6687312 8422
66464799 3980
15149449 1807
98133382 1408
94023530 8625
45037448 9455
157308898 6798
132840945 8139
30118575 8680
61230910 7539
59521047 2557
15766793 21
4579473 2416
12139427 2633
649030 4262
2747498 9675
12244350 2258
4595404 8778
9225828 5589
4565702 3091
6957943 3576
10826197 9997
9618993 3100
10309852 4511
15450812 652
4160942 9312
8407210 7573
12840704 9089
2652979 1619
4000937 4069
15580520 9320
9449410 3810
15413588 8869
999286301 26
155258030 5616
612016921 8994
315369847 4645
396545493 1291
807994412 2487
139120925 563
374801008 9043
672581005 2306
559240537 2219
319137081 1728
179947349 5986
525291075 1655
708192276 490
693365372 4157
477715194 7514
865247963 9741
762010680 6135
187529317 5806
798849076 8134
899642331 3432
948839116 7556
548378798 2826
933941548 9302
447743145 6295
16123510 76
343650326 162
1000000000 100
4800 416
9900 10000
4100 10000
9700 10000
2600 769
1500 10000
1400 1428
9100 10000
700 10000
6000 333
6200 322
7800 256
6100 10000
7600 263
9600 208
5500 10000
800 2500
8200 243
2900 10000
4500 10000
7700 10000
9200 217
5900 10000
8300 10000
2300 10000
600 3333
2100 10000
1200 1666
8700 10000
9000 222
3000 666
6800 294
2000 1000
3100 10000
1100 10000
2400 833
1600 1250
6700 10000
2200 909
7100 10000
7300 10000
5600 357
9300 10000
6500 10000
3500 10000
900 10000
4300 10000
2700 10000
5700 10000
9400 212
2800 714
8100 10000
3700 10000
3600 555
7900 10000
5100 10000
10000 200
7000 285
5200 384
200 10000
3400 588
1900 10000
4900 10000
8800 227
8400 238
100 10000
500 10000
5400 370
7200 277
6600 303
4700 10000
7400 270
9500 10000
6400 312
1300 10000
4600 434
2500 10000
6900 10000
8500 10000
5300 10000
7500 10000
1000 2000
1700 10000
3800 526
6300 10000
4400 454
300 10000
3300 10000
1800 1111
400 5000
8600 232
5800 344
4000 500
3900 10000
8000 250
4200 476
3200 625
5000 400
9800 204
8900 10000
994809231 18
766383854 6410
543175335 3072
556661258 4912
891425345 2320
539570429 6262
98472344 3094
469862523 8217
171008030 3688
966767334 6206
345548265 9107
82902721 3640
203508227 6538
505789244 8119
184233074 7862
697160852 5770
963103753 2515
691658270 6138
127539257 2355
673958649 33
509113305 6190
189939123 8094
236743103 7231
453884951 1240
662221674 7078
35604144 538
338967794 8562
173302356 9992
373056865 5595
54131859 6746
77299304 9756
504004789 8488
621187346 2881
507996374 9448
487397366 5327
401834918 4307
260108607 2479
369369223 5765
81805717 1968
5604224 9613
602287790 547
119307845 9992
336207225 7968
657689721 446
304080008 3809
3509580 5792
135441885 9962
6770621 5814
105984689 6100
436626063 2940
454415252 2127
196156903 741
44411564 8750
960321602 8
77258470 877
445068662 4563
557971967 7699
212875124 2998
123415452 4878
513736433 4600
380372735 9517
550414697 4099
637645140 67
61653426 9014
4258190 3851
87937409 3752
234646308 3214
485540640 7289
305198862 1024
371138177 5316
302560237 6897
601752978 1708
112738438 5192
5584524 8570
48360511 803
456408433 7940
219884423 1015
298459528 5189
308475999 7610
121958715 1033
405108854 2911
320722774 3797
263755498 7116
584853549 1690
429861032 3539
157380288 9117
352338928 5876
111852580 5597
313068776 8033
193885831 22
473391044 8059
359610157 1363
11016604 3330
245989183 6396
408528985 7668
54127330 4155
519142313 7026
558278557 4196
353116628 9320
573487420 7528
592965635 755
109455189 4642
584712213 6270
569784212 9160
285686452 755
285944145 5716
17517108 2296
69264837 7123
612297197 5245
81578919 8184
116418110 9315
296113727 7428
397816158 9674
564765043 3097
598296014 1318
1111208 9341
319234296 1871
376683298 956
327014034 3605
365642412 3054
314026085 4717
136363232 4037
168519382 7967
439936128 1247
240046196 9338
13444069 5119
191619209 2781
24001072 3638
189213450 6813
401855605 9828
672517491 8
55419593 2706
257493177 3139
190116973 4575
178379305 4483
317319483 7890
278292597 1933
381775460 6450
278469180 8609
929384525 6
120990894 2281
101366640 8581
14327392 5962
504590628 8889
657185917 7370
770782591 5289
1000000000 100
999999998 3
999999962 39
999999954 47
999999939 62
999999907 94
999999980 21
999999909 92
999999965 36
999999927 74
999999991 10
999999908 93
999999904 97
999999971 30
999999926 75
999999968 33
999999975 26
999999916 85
999999953 48
999999979 22
999999902 99
999999937 64
999999990 11
999999935 66
999999928 73
999999945 56
999999936 65
999999978 23
999999952 49
999999921 80
999999982 19
999999947 54
999999974 27
999999989 12
999999997 4
999999919 82
999999981 20
999999901 100
999999951 50
999999964 37
999999966 35
999999973 28
999999915 86
999999984 17
999999992 9
999999913 88
999999957 44
999999972 29
999999983 18
999999911 90
999999943 58
999999988 13
999999929 72
999999987 14
999999920 81
999999995 6
999999912 89
999999914 87
999999963 38
999999996 5
999999949 52
999999969 32
999999944 57
999999905 96
999999924 77
999999960 41
999999967 34
999999961 40
999999977 24
999999955 46
999999930 71
999999986 15
999999900 101
999999933 68
999999994 7
999999918 83
999999970 31
999999950 51
999999931 70
999999910 91
999999906 95
999999917 84
999999922 79
999999999 2
999999925 76
999999903 98
999999959 42
999999940 61
999999942 59
999999958 43
999999938 63
999999932 69
999999976 25
999999923 78
999999946 55
999999948 53
999999934 67
999999985 16
999999956 45
999999941 60
999999993 8
200000 100
6309 10
9431 3
3723 6
8821 4
1101 7
181 7
7626 9
1741 5
4830 6
9579 4
1507 4
8840 6
4304 5
9941 2
7826 8
1759 10
1166 8
1143 2
9285 8
9671 5
9561 3
6091 6
6947 8
7337 3
4249 8
6387 9
3484 3
5894 8
7308 5
8686 5
5991 3
3397 8
9581 4
792 7
5933 8
765 8
2783 9
9653 6
7408 5
2262 5
1296 4
4834 4
8000 7
1935 2
2687 3
3624 9
8383 7
8109 5
9236 2
1243 10
2987 7
6849 7
6850 9
5687 6
9685 4
2214 10
4287 2
8217 5
1004 4
3763 6
4630 6
8101 2
7474 7
5548 9
5692 3
8231 7
6291 5
5000 7
40 4
5349 2
9591 9
9754 3
5638 4
3640 6
9696 3
6143 4
6081 4
9300 6
6311 5
375 6
3404 4
3463 2
7295 8
5161 9
5848 5
8510 2
1321 9
2898 5
1109 8
9942 1
3525 6
4850 9
394 10
7297 8
2764 9
8275 8
6551 8
1529 6
9634 7
9376 4
4431213 17
1525829 7132
1172936 7641
2049434 7289
1260080 8030
1845963 8363
2735959 4947
1967048 8207
239072 3357
1821297 2895
2691449 6430
2384954 8910
1840531 1509
1671712 8450
1740621 2949
2473234 6844
795043 3114
3887320 7726
224444777 29
56619097 4791
161717315 9633
138468163 8114
29591366 2653
197701997 2180
182998153 3118
2034044 8054
48523474 9556
182845849 6417
179618076 3724
187653876 2263
101460319 927
30495617 2547
114523927 1795
184192761 4310
183258279 6735
158501623 4218
163111661 4848
103049195 7567
158543665 9830
166753429 6212
213417548 8096
57669992 6008
49336930 3774
59541739 4904
207992020 630
105404852 4168
113336126 7563
193862958 1822
935014417 47
714836038 9302
522927640 7175
754179396 8808
743455515 8247
199211425 4226
885624822 7157
60161868 8280
762806952 3890
161019322 6189
603929816 7915
203257718 1164
474860168 4111
441230024 8826
692655372 6212
52677078 7477
18918118 4479
101220363 1974
56628098 8599
924052735 494
231455187 1281
616500193 8901
813892391 4287
634369951 2018
98194117 2701
409434818 6609
418656928 1510
895717836 3668
876293456 991
527415425 207
631413503 3994
174735098 8032
335010880 7525
200993328 4721
459828314 4314
385115620 3755
775553774 1807
642778032 8164
139717770 765
300194694 6224
207065758 9338
203736180 7447
314320434 2406
694141079 9402
647615220 7090
437635289 518
851628613 1702
701628403 1966
154154449 15
97700307 3636
26997608 6078
79514218 5135
104013669 4081
9943582 9122
16918182 3806
73688388 6073
109214048 9720
15859240 3859
105210709 8629
97500373 6541
31828052 3267
39858653 89
103689241 3318
60263188 6677
524536433 27
126707252 758
58087987 1241
66775304 9247
428874254 2518
272206579 5102
101404478 2388
382322514 9780
263128817 1750
308569902 2205
93196049 7621
418826530 6485
381354835 5120
366671270 1337
426008973 5292
173865013 5062
184401677 4615
460808245 5408
198842559 2786
454544181 2587
12540089 4848
448889608 1519
265852280 9700
303011047 7036
459083218 8241
212496302 6264
330682255 4144
235001229 479
