99
2525 1
2400 5
300 2
120 60
60 90
178369816 1
35895612 5072
428404097 1
230271481 3170
136259640 1
15038489 4079
543787547 1
364715754 9499
924685554 1
337676767 181
957169585 2
378929014 1873
736462830 3506
200000 2
5001 1
5000 2
898674680 1
707437863 8023
1000000000 1
1 10000
830819629 1
625675812 1652
787557044 1
618575074 4817
533199362 1
17031267 9045
52879652 1
15535134 8446
982902567 1
474150331 8672
985163852 1
738811925 8358
312772526 1
162994440 5083
1000000000 2
998000000 10000
999000000 10000
314017160 1
292702840 363
1000000000 2
200 10000
100 10000
868636229 1
447036380 5178
149099659 1
55504954 313
173077 1
47299 4654
826543629 1
210313913 7594
75391749 1
13547685 1343
649337439 1
294209350 4283
666655873 1
45477932 4887
318052949 1
20153774 2345
1000000000 2
999999997 2
999999996 3
202841340 1
45059751 2371
724024026 1
325804730 3029
1000000000 1
999999999 1
1000000000 2
999999999 2
999999998 3
336355654 1
320684630 295
1000000000 2
12345676 2
12345675 3
176997973 1
126717859 4494
799723267 1
4849172 2415
306162758 1
209583664 1179
1000000000 1
999999999 10000
161524019 1
21743352 3945
429283479 1
198580556 8792
705851011 1
529335104 1720
74939996 1
11787119 3195
15837295 1
10621243 2580
605806101 1
97205974 3182
932069977 1
749923471 9448
530358032 1
54296820 2218
75394437 1
84812 3810
804833277 1
35816095 1011
476798136 1
16829897 4430
223465592 1
3383514 1266
397833064 1
76952974 1861
221368113 1
110687806 8478
284418614 1
32921363 6284
205335046 1
34886990 8293
1000000000 2
998000000 1
999000000 1
547061611 1
482339833 4365
991882136 1
207604390 2648
969800428 1
62293112 8303
2 1
1 10000
790194705 1
726527528 4990
371125082 1
115869067 4708
577812589 1
524649525 6004
580427342 1
272270247 2040
484522171 1
278297981 1253
241634010 1
123650841 9458
69570817 1
42861802 4984
687820184 2
388560233 6101
156873001 3626
548267996 1
404328922 1878
928530642 1
814343353 4302
328600731 1
148852480 1331
897856395 1
556608916 3685
731089663 1
138130785 2884
1000000000 1
1 1
189574106 1
79150299 2214
1000000000 2
999999997 3
999999998 2
570727030 1
353481811 819
107298555 1
18924768 9262
354534080 1
214261325 1625
94674730 1
11883799 8089
481615866 1
473824939 8361
533545259 1
500623055 8793
385708293 1
123278233 491
860903844 1
144388512 6852
2 1
1 1
672011716 1
6579630 4967
546512586 1
509124736 4222
854374143 1
34887994 7804
328961190 1
42144594 1697
30308412 1
11196915 1217
206259786 1
55101315 2332
663415323 1
44446302 3493
1000000000 2
2 2
1 3
814548827 1
572072652 9832
733359778 1
187906388 5434
515821362 1
410942113 4978
494626852 1
375095945 3937
875659344 1
26198658 7271
