99
6 2 0 2 0 2 0
3 1 0 2 0 0 0
497 230 0 232 0 35 0
999 249 0 250 0 500 0
818 268 0 342 0 208 0
7 3 0 2 0 2 0
958 161 0 464 0 333 0
833 245 0 392 0 196 0
676 24 0 191 0 461 0
994 463 0 261 0 270 0
797 325 0 366 0 106 0
224 63 0 52 0 109 0
4 1 0 2 0 1 0
604 198 0 148 0 258 0
5 1 0 1 0 3 0
210 79 0 45 0 86 0
545 78 0 204 0 263 0
52 19 0 18 0 15 0
265 107 0 118 0 40 0
678 239 0 214 0 225 0
984 449 0 67 0 468 0
829 283 0 196 0 350 0
297 129 0 63 0 105 0
999 499 0 1 0 499 0
1000 500 0 500 0 0 0
754 379 0 62 0 313 0
823 440 0 59 0 324 0
752 368 0 134 0 250 0
208 135 0 47 0 26 0
330 165 0 60 0 105 0
401 193 0 186 0 22 0
930 26 0 439 0 465 0
5 3 0 0 0 2 0
645 149 0 307 0 189 0
653 207 0 167 0 279 0
136 55 0 27 0 54 0
999 500 0 499 0 0 0
4 2 0 1 0 1 0
81 35 0 25 0 21 0
999 250 0 250 0 499 0
10 4 0 4 0 2 0
6 0 0 3 0 3 0
1000 333 0 333 0 334 0
669 608 0 0 0 61 0
175 65 0 42 0 68 0
605 228 0 78 0 299 0
318 83 0 99 0 136 0
515 145 0 212 0 158 0
5 2 0 2 0 1 0
6 2 0 3 0 1 0
200 90 0 19 0 91 0
471 70 0 168 0 233 0
75 10 0 32 0 33 0
945 456 0 252 0 237 0
3 3 0 0 0 0 0
1000 0 0 499 0 501 0
671 59 0 543 0 69 0
793 390 0 13 0 390 0
19 16 0 1 0 2 0
709 328 0 352 0 29 0
325 55 0 124 0 146 0
618 217 0 136 0 265 0
340 4 0 109 0 227 0
281 96 0 137 0 48 0
4 1 0 1 0 2 0
616 305 0 39 0 272 0
799 756 0 16 0 27 0
169 13 0 81 0 75 0
598 208 0 195 0 195 0
750 256 0 325 0 169 0
905 211 0 401 0 293 0
432 184 0 142 0 106 0
3 1 0 1 0 1 0
1000 250 0 500 0 250 0
4 0 0 2 0 2 0
552 258 0 212 0 82 0
717 268 0 108 0 341 0
890 33 0 434 0 423 0
631 99 0 310 0 222 0
301 148 0 79 0 74 0
216 48 0 70 0 98 0
637 207 0 282 0 148 0
1000 1 0 500 0 499 0
999 333 0 333 0 333 0
990 449 0 311 0 230 0
4 3 0 1 0 0 0
734 110 0 295 0 329 0
143 65 0 43 0 35 0
649 170 0 61 0 418 0
602 262 0 196 0 144 0
457 197 0 69 0 191 0
378 155 0 122 0 101 0
262 90 0 49 0 123 0
153 52 0 60 0 41 0
592 134 0 219 0 239 0
889 324 0 183 0 382 0
534 29 0 241 0 264 0
98 30 0 33 0 35 0
652 199 0 207 0 246 0
