100
2 1 0.5
2368 57 0.8060278128317389
1153 99 0.8326365107773426
2037 69 0.7902629853058996
3000 148 0.9286954412715177
1331 88 0.5258304258756511
244 11 0.7458434172463387
1423 34 0.9681020259426603
2100 158 0.8512982982333352
2467 127 0.9997599830690879
2896 91 0.7346866924471941
3000 125 0.919826528587413
1059 22 0.5108948077060458
2127 96 0.8745616405293963
2046 179 0.8544980648147233
1344 58 0.621354076374073
1 2 0.4
1644 152 0.7200455565009933
3000 132 0.9234418745440136
2293 118 0.624152643324636
3000 50 0.987
1470 80 0.9988095974436877
1301 15 0.920307793575742
3000 43 0.8371587587474507
1953 116 0.9949526648257443
2119 172 0.9744914521199695
3000 27 0.8186760818824159
3000 39 0.6214264176481694
3000 1235 0.9966125411381052
2587 208 0.7148214841071545
677 22 0.5212111197194145
441 33 0.7285575415657165
38 4 0.7498810617519003
996 5 0.5646464125654863
518 13 0.6732217861720134
1697 165 0.5387704511517171
1278 42 0.80601511325007
3000 135 0.5511401553868309
10 12 0.5
2084 65 0.6502944946930707
17 2 0.9150140896516434
1015 96 0.517286641427128
1126 44 0.7026319313415608
2775 210 0.7539270113951959
2139 177 0.8869483760911945
3000 48 0.815240333295067
217 7 0.7382865325352616
1 1 0.4
2504 71 0.8685331010131113
3000 2462 0.9151227339986332
2845 274 0.7522016062890933
857 9 0.6174923581726507
1293 65 0.582991019442719
3000 835 0.9304641233983514
1786 17 0.7810815247228993
2688 208 0.5407037013430946
1076 83 0.7304532287972001
2729 17 0.8468731878912232
1663 78 0.7687146954912956
459 33 0.8071185178965246
399 36 0.5532147272347605
682 29 0.9403256533894492
3000 195 0.8184633788266845
3000 68 0.883581865722848
2855 187 0.8236994563582262
1691 70 0.7326379597373137
2150 33 0.7432604328325509
1997 30 0.949493527036324
3000 1757 0.9670775954951097
1639 5 0.7865717511207472
271 25 0.6414183276187997
3000 160 0.6579502846146681
3000 121 0.9980522144494091
1628 10 0.5170699528488512
3000 94 0.8689874881448595
2471 171 0.7912898049278603
209 10 0.9360527645900921
1272 54 0.6977747020901133
57 4 0.8731705129190721
2509 199 0.6852840289625274
2394 162 0.8883575665733285
2335 115 0.8068770146675946
580 40 0.5323848799892076
1460 20 0.7572058966269073
3000 854 0.9720202238293681
1221 80 0.5961519636628252
1137 13 0.6045979283913703
851 84 0.6340859612251784
733 65 0.9508436052200189
1660 69 0.7276434923661332
1840 149 0.8015997375505994
809 80 0.8912438779656502
806 3 0.6110579784569348
1669 148 0.5130884739408568
10 5 0.1
10 5 0.9
3000 62 0.54049556192781
3000 50 0.123
3000 6 0.6128288993437406
2 1 0.4
