1000 1000
2 307
3 2
1 604
1 863
2 213
2 402
3 7
1 629
2 628
2 940
3 6
3 2
1 748
1 967
3 9
1 662
2 314
1 513
2 858
1 464
2 127
2 505
2 588
2 347
2 414
3 4
3 3
1 749
2 3
2 525
2 817
2 845
3 21
1 87
3 25
2 788
1 759
1 337
1 393
2 158
3 12
2 358
2 232
2 938
3 5
3 28
2 422
2 455
3 38
1 693
1 358
2 120
3 37
1 72
1 48
2 399
3 43
2 247
1 578
3 7
1 679
2 765
1 42
3 13
1 399
1 941
1 823
1 471
2 83
1 206
1 782
2 20
3 43
1 762
1 871
1 521
1 666
1 507
1 25
1 384
1 247
1 131
3 13
2 93
3 60
3 34
2 784
1 426
1 527
1 438
3 33
3 39
2 16
3 46
2 994
1 27
1 392
1 583
3 82
1 162
2 212
2 926
2 152
1 266
2 282
3 76
1 715
2 762
3 39
3 102
2 817
2 962
1 600
2 87
1 147
2 257
3 78
1 528
1 675
2 332
2 292
2 215
2 744
3 72
1 288
2 406
2 583
3 38
1 886
3 38
1 11
1 947
2 881
2 570
1 207
2 123
1 570
2 142
1 992
1 751
1 849
2 380
3 64
3 90
3 52
3 79
3 142
2 136
1 377
2 218
2 600
1 172
1 230
1 444
2 618
2 117
1 380
1 422
2 536
2 923
2 850
1 146
1 451
3 155
3 147
2 487
3 39
1 579
2 722
1 860
1 965
3 103
2 292
2 1000
3 26
2 805
2 22
1 507
2 965
2 549
3 64
2 123
3 138
1 305
2 478
3 11
3 94
3 8
1 456
2 262
1 176
2 511
1 136
3 130
2 480
3 160
1 402
3 11
3 116
1 924
2 843
2 11
3 28
1 65
2 139
3 162
2 280
1 742
1 174
2 849
1 980
2 53
2 38
2 449
1 795
3 94
1 351
1 814
3 54
3 134
2 216
2 939
2 653
2 183
2 915
1 734
1 231
3 212
3 219
1 374
3 78
3 111
2 135
1 618
2 267
1 170
3 82
2 593
1 879
1 87
1 748
1 985
3 175
1 888
1 834
3 82
1 957
2 76
1 14
1 937
3 106
2 616
1 68
3 2
1 224
1 919
3 61
3 49
2 65
1 144
1 3
3 20
3 114
2 806
3 101
2 204
1 104
2 904
2 994
2 423
1 978
2 533
3 221
2 91
2 641
1 265
1 323
1 811
3 177
1 156
2 979
1 161
1 352
2 783
3 54
3 68
2 218
3 139
1 516
3 179
3 1
1 611
2 1
2 987
3 198
3 50
3 287
1 967
2 545
1 120
1 265
2 691
1 277
2 984
3 117
3 280
1 46
3 301
2 53
3 58
3 62
2 108
1 773
3 160
3 315
2 474
2 769
1 265
1 825
2 661
1 717
3 287
1 856
2 591
1 373
3 38
2 825
3 264
3 307
1 954
2 346
1 228
3 6
2 247
3 227
3 15
2 712
3 264
3 64
3 175
2 600
3 57
2 595
1 115
1 886
3 17
2 99
2 987
1 136
2 440
3 50
2 289
2 313
1 812
2 88
3 206
1 606
3 198
2 931
2 246
1 82
3 107
3 125
1 710
3 292
3 1
3 119
1 533
1 683
2 357
3 350
1 438
2 439
2 522
3 73
1 606
1 174
2 675
2 328
2 459
3 255
1 952
1 834
3 286
1 798
2 739
3 226
1 404
1 177
3 267
3 28
2 992
1 322
3 53
1 450
1 112
2 232
1 659
1 434
3 97
1 917
2 48
1 759
3 272
1 365
3 192
3 106
1 329
2 791
1 277
1 502
1 647
3 37
1 590
3 309
3 84
3 272
2 554
1 275
3 329
3 165
3 88
1 802
3 246
3 191
2 66
1 547
3 312
2 892
1 278
3 362
2 864
1 66
3 40
2 183
2 466
3 79
2 349
1 369
2 205
2 742
2 990
2 342
1 47
3 127
2 654
3 74
1 983
3 203
2 361
3 167
2 818
1 370
2 772
3 128
2 889
3 175
1 673
1 720
1 434
2 653
1 182
3 156
3 402
2 682
3 58
3 393
2 384
1 570
3 73
1 804
1 362
1 926
3 357
3 16
2 462
3 76
2 356
1 322
3 114
3 70
3 354
3 378
2 115
3 427
3 363
1 500
2 279
2 783
2 793
2 295
2 457
1 214
1 653
2 771
3 301
2 719
1 909
1 912
1 195
3 216
2 202
2 180
2 450
2 395
3 164
3 475
2 444
2 513
3 408
3 488
3 309
3 46
1 548
2 715
1 782
3 516
3 203
1 380
2 856
3 152
1 305
3 181
3 163
3 254
3 503
3 345
2 339
3 118
2 43
2 31
2 154
2 721
3 31
2 8
3 411
2 246
2 585
2 833
2 134
1 957
3 402
1 366
1 905
3 252
1 244
2 917
3 230
2 695
1 805
1 177
1 251
2 108
3 199
3 524
2 610
2 306
3 77
3 197
2 394
1 915
1 366
1 338
3 506
2 965
2 454
2 921
3 317
3 407
3 510
1 815
2 643
1 497
1 900
2 616
3 89
2 854
1 362
1 834
2 993
3 516
1 198
2 678
2 993
1 786
3 553
2 908
3 106
2 20
3 183
2 514
2 620
2 495
1 120
2 364
1 728
1 484
2 661
3 190
3 581
1 772
1 91
1 455
3 533
3 125
1 788
3 210
2 114
1 554
1 955
2 391
3 203
2 669
3 85
2 30
1 215
2 186
2 424
1 566
1 646
1 831
2 853
3 579
3 64
1 818
2 957
1 964
3 610
1 937
2 614
2 639
2 686
3 539
1 366
1 556
3 319
3 160
2 506
1 723
1 6
2 403
3 578
2 206
3 410
3 481
2 256
2 160
1 948
1 902
2 882
1 31
1 934
2 617
1 651
3 454
3 460
2 419
1 536
2 200
3 458
1 418
3 382
1 444
1 723
3 87
1 970
1 48
3 478
3 501
3 254
1 285
3 488
2 190
1 499
2 100
3 581
2 612
1 362
1 698
1 17
2 522
2 102
2 435
2 754
1 640
3 668
3 182
2 678
1 866
1 988
1 121
3 382
2 765
3 612
2 692
1 715
2 493
3 424
3 53
2 511
1 875
2 28
1 536
2 604
3 110
2 168
3 424
2 502
1 923
1 684
3 92
3 501
1 463
3 361
3 613
3 450
2 997
1 252
3 505
2 713
3 484
3 255
1 205
1 433
1 142
2 191
3 672
3 395
1 635
1 269
3 70
3 121
2 842
3 634
1 213
2 837
1 936
3 398
2 140
2 724
2 404
3 293
2 901
2 128
3 371
2 505
3 56
3 746
2 391
3 77
3 406
2 117
2 777
3 143
2 24
2 851
3 203
1 261
1 425
3 495
1 92
2 174
1 72
1 266
3 114
1 971
1 33
1 381
2 768
2 218
3 631
3 173
2 627
1 322
2 863
3 549
2 675
3 426
1 921
1 616
2 195
1 260
1 802
2 22
2 288
1 392
1 794
1 64
1 704
1 339
2 606
2 730
1 690
1 434
3 468
3 687
3 340
1 310
2 900
3 52
1 212
2 764
3 713
1 124
3 335
3 493
3 246
1 752
3 503
3 794
3 474
1 269
1 182
3 739
3 703
3 18
3 492
2 321
3 262
3 202
1 363
2 630
2 949
2 924
2 43
2 61
3 774
3 460
2 328
1 389
2 496
1 298
1 823
1 753
1 532
1 792
3 109
1 160
3 495
2 31
3 440
2 273
2 637
3 710
1 946
1 869
2 277
1 290
3 309
3 253
1 460
1 580
2 2
1 774
3 573
1 684
3 546
1 761
2 66
2 83
2 10
2 819
1 996
3 73
1 946
2 366
3 571
3 518
1 871
1 833
3 865
3 750
1 388
2 972
2 295
3 498
2 445
3 183
1 272
2 430
2 11
3 118
2 856
2 418
3 265
3 222
2 225
2 676
3 373
3 403
2 961
2 403
3 509
3 718
1 731
2 284
1 675
1 234
3 549
3 12
2 721
3 600
2 113
2 984
2 256
1 866
3 298
1 332
1 246
1 237
3 847
1 554
1 146
2 663
1 221
1 228
1 117
3 500
1 18
1 937
1 339
1 158
3 148
2 875
3 547
2 941
3 924
2 748
2 456
1 799
2 894
1 289
2 362
2 210
1 608
1 947
2 277
3 54
1 855
3 195
1 954
3 427
3 439
3 921
1 360
3 827
1 422
2 402
3 600
2 397
1 574
3 792
1 487
2 830
1 169
1 39
1 178
3 664
2 359
1 152
3 421
1 257
1 80
2 881
1 795
1 167
2 848
3 680
2 744
3 893
1 853
1 453
1 369
2 678
1 65
2 1
3 591
1 184
3 677
3 642
1 63
1 88
1 43
1 102
1 702
1 598
1 23
1 507
1 820
3 74
2 213
2 133
2 469
2 244
3 363
2 953
1 43
3 271
3 679
1 359
