50
3
1 2 3
2 3 5
3 5 6
2 3 4
1 2 3
4
1 4 8 9
4 5 8 12
8 12 16 18
9 11 15 18
3 5 10 11
7 8 12 15
1 3 7 8
4
3 5 6 11
3 5 6 12
1 2 3 8
8 9 12 13
2 4 5 10
1 2 3 7
7 10 11 13
5
7 15 17 22 26
11 22 25 28 31
10 13 22 26 28
10 20 21 26 28
6 10 11 13 14
4 10 15 20 22
6 11 17 21 25
3 4 6 10 11
11 14 26 28 31
6
5 6 7 12 13 14
6 8 12 16 19 23
7 8 11 13 16 21
14 21 26 29 34 39
12 13 16 18 27 29
19 23 27 29 32 39
13 16 21 25 30 32
11 12 15 16 21 26
5 7 11 14 16 19
14 16 17 18 25 29
7 11 15 17 23 27
3
2 4 5
4 7 10
4 7 9
5 10 13
7 9 13
8
8 10 15 19 23 29 32 35
19 22 25 29 33 37 41 43
6 9 14 16 20 25 28 33
12 15 16 19 20 24 28 32
24 29 33 35 39 41 46 47
5 7 9 10 12 16 17 22
19 22 24 32 36 43 45 47
1 5 6 8 9 12 16 19
20 26 28 32 34 40 43 45
5 7 10 15 19 22 26 29
16 17 23 28 32 41 43 46
1 5 9 12 16 19 20 24
9 12 19 20 27 33 34 39
9 10 14 15 19 20 23 24
12 16 20 24 30 37 40 41
7
6 13 14 18 20 24 26
4 7 8 9 10 11 12
4 8 13 14 16 18 19
13 17 19 23 25 31 32
3 7 10 13 14 16 17
8 11 21 24 27 29 31
2 3 4 6 7 8 11
5 10 13 16 19 21 23
6 9 16 18 19 21 23
7 10 19 20 23 24 25
11 12 23 26 30 31 32
2 4 5 6 8 11 13
11 16 18 21 24 29 31
7
3 4 5 6 7 8 9
5 6 7 8 9 10 11
4 5 6 7 8 9 10
1 2 3 4 5 6 7
6 7 8 9 10 11 12
7 8 9 10 11 12 13
7 8 9 10 11 12 13
2 3 4 5 6 7 8
1 2 3 4 5 6 7
2 3 4 5 6 7 8
5 6 7 8 9 10 11
4 5 6 7 8 9 10
3 4 5 6 7 8 9
10
9 17 24 30 35 39 42 44 45 63
46 49 51 53 55 57 59 61 62 64
1 2 3 4 5 6 7 8 9 46
6 14 21 27 32 36 37 38 39 56
3 11 18 19 20 21 22 23 24 50
47 48 50 52 54 56 58 60 63 64
8 16 23 29 34 38 41 43 44 61
2 10 11 12 13 14 15 16 17 48
2 10 11 12 13 14 15 16 17 49
5 13 20 26 31 32 33 34 35 55
9 17 24 30 35 39 42 44 45 62
7 15 22 28 33 37 40 41 42 58
3 11 18 19 20 21 22 23 24 51
7 15 22 28 33 37 40 41 42 59
6 14 21 27 32 36 37 38 39 57
5 13 20 26 31 32 33 34 35 54
8 16 23 29 34 38 41 43 44 60
4 12 19 25 26 27 28 29 30 52
1 2 3 4 5 6 7 8 9 47
4
11 15 20 21
13 16 18 21
4 5 7 11
5 9 13 16
12 13 16 20
8 9 13 15
4 8 12 13
6
12 17 21 24 25 27
3 4 5 6 8 10
6 12 16 18 20 24
5 10 14 17 18 21
8 11 14 16 19 22
4 7 11 12 15 17
5 7 10 12 14 17
8 14 19 21 22 25
10 17 22 23 26 27
9 12 17 18 21 23
11 15 18 20 22 26
2
2 22
22 222
2 22
2
22 222
22 222
2 22
7
8 10 12 14 15 18 20
9 11 13 15 16 18 19
6 9 10 12 14 16 18
5 7 9 11 12 15 17
1 2 4 5 6 8 9
4 6 7 10 11 13 14
8 10 11 12 14 15 17
1 3 5 7 8 9 11
11 12 14 17 18 20 21
7 9 10 11 12 14 15
3 4 6 7 9 10 11
2 4 6 9 10 11 12
5 6 7 9 10 12 14
4
1 5 9 13
9 10 11 12
2 6 10 14
4 8 12 16
5 6 7 8
3 7 11 15
13 14 15 16
10
15 16 17 19 24 26 28 31 33 34
10 13 17 20 22 24 26 27 29 31
10 12 14 15 20 22 24 26 27 28
9 12 15 18 19 20 24 25 27 28
7 9 11 13 16 17 19 22 23 24
11 15 19 22 23 26 27 28 30 33
4 7 8 10 11 12 14 15 16 17
14 15 16 18 23 25 27 29 30 32
1 3 4 5 6 7 9 10 11 13
8 10 12 14 18 19 20 24 26 27
3 5 6 8 9 10 12 14 15 16
2 5 7 9 10 11 12 13 15 16
5 9 10 12 13 14 15 16 18 19
12 14 15 16 22 24 25 27 28 30
7 11 14 16 17 19 22 24 25 26
1 2 3 5 7 8 10 12 14 15
6 10 12 14 16 18 20 22 23 24
5 8 10 12 14 16 18 20 22 23
13 16 21 23 24 27 28 30 32 34
3
1 2 3
2 3 4
3 4 5
1 2 3
2 3 4
2
2 4
2 6
6 8
5
2 4 6 7 9
4 6 7 9 10
8 10 13 14 16
7 9 11 13 14
9 10 12 14 16
6 9 12 13 14
4 6 8 9 10
5 8 10 11 12
6 7 10 12 13
8
3 4 5 8 10 11 12 15
4 6 8 10 11 13 14 16
13 15 16 19 21 24 26 28
9 11 12 15 16 19 22 24
7 10 11 14 15 16 18 19
3 4 6 7 9 11 12 14
10 12 14 16 18 21 23 26
1 3 4 6 8 9 10 11
1 3 4 6 7 9 11 13
11 14 16 18 19 22 25 28
6 8 10 12 14 15 16 18
4 5 8 10 11 12 14 16
9 11 13 16 18 19 21 22
11 12 14 17 20 22 23 25
6 7 10 12 14 16 17 19
4
3 4 5 6
4 5 6 7
1 2 3 4
4 5 6 7
2 3 4 5
1 2 3 4
3 4 5 6
10
142 177 199 208 211 236 241 256 275 307
8 27 49 70 87 101 122 126 142 155
8 24 41 45 52 56 79 100 121 140
100 137 143 176 182 228 236 250 256 289
52 80 98 131 155 183 204 205 211 251
41 61 84 109 129 147 155 173 199 207
79 118 136 166 174 206 222 233 241 272
70 93 109 118 131 150 166 176 192 210
56 104 113 150 167 189 209 213 236 268
155 196 207 232 251 268 272 289 293 331
49 56 84 90 98 113 136 143 165 179
27 43 61 62 80 104 118 137 142 153
122 147 155 163 204 209 222 236 242 269
24 43 56 93 112 132 147 161 177 196
126 161 173 183 205 213 233 250 270 295
45 62 90 118 144 160 163 183 208 232
121 142 165 192 206 229 242 270 275 293
101 132 147 160 183 189 206 228 229 244
140 153 179 210 219 244 269 295 307 331
5
5 7 9 12 13
5 8 9 11 12
2 4 5 7 8
2 3 5 6 8
8 10 12 15 17
6 10 12 14 15
7 8 11 14 15
8 12 13 15 17
4 6 8 10 12
3
6 7 11
9 11 12
3 6 9
9 11 12
6 7 11
7
29 30 31 32 33 34 35
15 16 17 18 19 20 21
4 11 18 25 32 39 46
1 2 3 4 5 6 7
7 14 21 28 35 42 49
5 12 19 26 33 40 47
3 10 17 24 31 38 45
1 8 15 22 29 36 43
22 23 24 25 26 27 28
8 9 10 11 12 13 14
36 37 38 39 40 41 42
6 13 20 27 34 41 48
2 9 16 23 30 37 44
10
14 16 25 28 30 31 34 37 40 43
1 3 5 6 7 9 11 13 16 18
10 13 20 21 24 26 28 31 34 36
1 2 4 7 8 10 12 14 15 18
7 10 14 15 18 19 22 25 28 30
13 19 22 25 28 31 35 37 39 43
7 11 15 18 22 24 27 30 33 36
11 17 20 22 26 28 32 34 36 40
18 22 27 31 36 37 40 43 45 47
8 11 17 19 22 23 26 28 29 32
9 14 18 19 23 26 30 31 34 37
3 6 9 10 11 13 15 16 19 22
12 15 23 26 27 30 32 35 37 39
16 21 23 28 29 34 37 40 42 45
15 19 26 30 33 34 36 39 42 44
4 9 11 14 15 18 20 22 23 26
5 7 11 14 17 20 23 25 26 27
2 6 7 10 11 14 17 19 21 24
18 24 26 30 32 36 39 43 44 47
3
3 6 8
4 6 8
2 4 6
2 4 6
1 2 4
10
16 19 21 26 29 31 33 37 40 42
12 15 18 20 23 26 27 29 31 34
1 2 5 8 9 12 15 18 20 23
23 25 27 29 32 34 38 40 42 43
12 15 18 22 23 27 29 31 36 38
4 7 9 12 15 18 19 20 24 27
11 12 16 19 20 26 27 29 33 34
18 20 23 29 32 34 37 40 42 43
2 5 7 8 9 12 15 17 19 20
18 19 20 24 28 29 31 34 37 40
3 5 8 11 14 15 16 19 22 25
1 3 4 7 8 11 12 15 16 18
15 17 20 25 27 29 31 34 39 40
8 11 12 15 17 19 22 25 26 29
9 14 15 16 18 20 23 27 29 32
15 16 19 22 25 27 29 31 33 37
5 8 9 11 13 16 18 20 21 23
20 22 24 25 30 33 36 39 40 42
8 9 13 17 18 23 25 28 30 32
7
2 5 6 7 9 10 12
6 8 12 15 16 17 22
9 12 15 18 20 21 22
5 7 8 9 11 13 15
12 14 16 19 21 24 26
8 11 12 15 16 19 20
17 19 22 24 25 29 31
5 7 11 12 14 15 19
2 5 8 9 12 14 17
9 11 16 20 21 22 25
7 9 15 18 19 20 24
10 13 19 21 24 26 29
12 15 20 22 26 27 31
7
3 5 8 10 11 13 14
8 11 12 16 18 19 22
7 9 11 14 16 18 19
6 9 11 14 16 18 20
4 7 10 12 14 16 18
1 2 4 6 7 8 9
4 6 8 10 11 12 14
8 10 13 16 18 19 20
2 3 6 8 9 10 11
6 8 10 12 14 16 17
9 11 14 18 20 22 23
2 3 5 7 9 11 12
1 2 3 4 6 8 10
2
2 4
2 6
4 8
10
2 3 4 5 6 7 8 9 10 11
8 9 10 11 12 13 14 15 16 17
7 8 9 10 11 12 13 14 15 16
3 4 5 6 7 8 9 10 11 12
1 2 3 4 5 6 7 8 9 10
3 4 5 6 7 8 9 10 11 12
6 7 8 9 10 11 12 13 14 15
6 7 8 9 10 11 12 13 14 15
1 2 3 4 5 6 7 8 9 10
10 11 12 13 14 15 16 17 18 19
5 6 7 8 9 10 11 12 13 14
4 5 6 7 8 9 10 11 12 13
8 9 10 11 12 13 14 15 16 17
7 8 9 10 11 12 13 14 15 16
4 5 6 7 8 9 10 11 12 13
2 3 4 5 6 7 8 9 10 11
9 10 11 12 13 14 15 16 17 18
5 6 7 8 9 10 11 12 13 14
9 10 11 12 13 14 15 16 17 18
3
1 2 3
3 4 5
1 2 3
3 4 5
2 3 4
10
1 2 3 4 5 6 7 8 9 10
5 15 25 35 45 55 65 75 85 95
4 14 24 34 44 54 64 74 84 94
11 12 13 14 15 16 17 18 19 20
3 13 23 33 43 53 63 73 83 93
7 17 27 37 47 57 67 77 87 97
31 32 33 34 35 36 37 38 39 40
21 22 23 24 25 26 27 28 29 30
71 72 73 74 75 76 77 78 79 80
10 20 30 40 50 60 70 80 90 100
8 18 28 38 48 58 68 78 88 98
91 92 93 94 95 96 97 98 99 100
6 16 26 36 46 56 66 76 86 96
1 11 21 31 41 51 61 71 81 91
61 62 63 64 65 66 67 68 69 70
2 12 22 32 42 52 62 72 82 92
41 42 43 44 45 46 47 48 49 50
81 82 83 84 85 86 87 88 89 90
51 52 53 54 55 56 57 58 59 60
2
6 8
4 8
2 4
2
5 8
2 5
5 8
4
1 3 5 6
6 8 10 11
4 6 8 10
2 4 6 8
6 8 10 11
5 6 8 10
1 2 4 6
6
4 11 15 16 20 25
12 16 27 32 34 38
18 20 27 30 31 34
7 11 12 13 15 16
8 13 23 26 30 31
3 7 11 15 18 22
22 25 29 31 32 38
11 15 19 23 24 27
3 4 5 8 11 12
15 16 23 26 29 32
11 15 24 29 31 32
2
1 3
1 3
3 4
7
26 48 70 88 106 125 139
8 16 36 55 80 93 106
57 102 117 149 165 170 173
47 85 107 128 135 150 160
80 106 123 135 165 186 214
55 88 107 128 149 150 191
93 125 128 150 170 193 219
8 26 34 47 57 73 98
98 137 169 191 214 219 223
36 70 79 107 117 145 169
16 48 69 85 102 121 137
34 69 79 107 123 128 145
106 139 145 160 173 214 223
4
25 37 58 69
15 21 41 43
41 58 78 104
15 25 29 41
43 69 83 117
41 79 104 117
29 56 78 83
9
5 8 9 10 13 14 16 20 23
22 23 28 31 33 35 37 38 39
5 9 11 14 17 20 22 25 28
18 21 22 25 26 28 29 31 32
8 10 14 15 18 22 25 27 31
11 13 15 16 21 24 26 29 33
9 13 14 15 16 18 21 24 26
21 22 25 27 29 30 33 36 37
17 20 21 24 26 29 31 36 38
20 23 25 26 27 30 32 37 39
14 16 19 21 24 28 29 33 37
15 16 20 22 24 25 28 29 30
13 14 17 18 22 25 28 30 35
12 14 17 18 21 22 24 26 27
2 4 5 8 11 13 14 17 20
2 5 8 9 12 15 18 21 22
4 8 10 13 14 16 21 22 23
7
7 9 11 15 17 18 19
7 10 13 15 17 18 20
4 7 9 10 11 12 14
3 7 9 11 13 14 15
6 9 11 13 15 17 18
3 5 7 8 9 10 12
9 10 12 17 18 20 21
1 3 4 6 7 9 11
1 2 3 5 7 9 11
5 8 10 13 15 16 17
11 14 15 17 19 21 23
11 12 14 18 20 21 23
9 12 14 16 18 20 21
4
4 5 6 9
5 8 14 15
6 9 15 17
14 15 17 22
10 14 15 20
4 5 10 14
5 8 9 12
7
3 8 12 13 14 15 27
22 25 27 29 30 33 34
4 9 13 16 17 18 29
6 11 15 18 20 21 32
3 8 12 13 14 15 26
1 2 3 4 5 6 23
4 9 13 16 17 18 28
1 2 3 4 5 6 22
2 7 8 9 10 11 25
2 7 8 9 10 11 24
5 10 14 17 19 20 31
23 24 26 28 31 32 34
5 10 14 17 19 20 30
10
16 21 26 31 37 39 41 43 45 48
11 16 19 22 27 29 31 33 36 39
1 5 9 11 15 16 20 21 24 26
24 27 29 38 39 41 45 49 51 57
9 16 24 27 28 32 34 37 39 43
15 19 20 25 28 33 37 40 44 46
19 24 33 36 44 46 47 50 51 52
16 20 21 27 32 36 39 44 46 47
5 7 9 12 16 20 21 23 24 28
12 20 25 29 33 36 38 39 41 47
4 7 13 16 19 20 21 22 27 31
1 4 6 8 9 12 16 17 19 21
21 22 26 34 37 39 43 47 50 53
6 9 17 19 20 21 23 26 29 32
26 31 32 39 43 47 48 50 52 60
21 28 35 39 46 47 51 53 57 60
9 13 17 21 24 25 26 29 33 35
8 12 21 22 25 27 30 34 38 39
17 23 29 33 40 44 45 47 49 50
4
1 2 4 5
5 6 9 12
2 5 6 8
6 8 11 13
2 5 7 10
5 10 12 13
4 7 9 11
3
1 2 3
2 3 4
3 4 5
3 4 5
2 3 4
2
2 6
6 8
4 8
