1000
61 11 61
75 96 31
84 79 64
63 93 100
3 89 85
40 76 92
38 20 36
95 85 18
0 33 60
62 18 5
43 82 18
54 36 40
17 43 82
15 87 67
44 31 91
7 52 70
73 66 59
33 18 17
44 19 7
39 72 57
100 23 20
36 4 21
99 99 99
24 64 84
92 38 94
59 83 100
58 63 62
67 95 83
25 93 2
1 74 53
51 76 26
28 62 38
39 62 100
16 11 38
51 37 95
24 57 9
27 65 77
77 31 9
43 72 63
57 28 81
86 75 33
74 86 76
82 47 46
73 43 35
54 99 95
13 98 74
7 78 53
29 94 95
74 35 91
73 5 80
22 89 58
56 82 23
94 30 5
13 69 20
14 33 90
63 53 74
51 36 99
23 7 3
60 52 78
42 91 58
94 20 21
5 77 17
38 2 57
54 70 59
5 5 86
17 42 4
88 17 98
77 89 85
61 38 36
76 7 28
20 56 46
62 44 84
87 78 17
91 48 60
29 35 24
100 90 10
60 38 13
25 65 34
93 6 84
6 33 77
100 97 2
47 88 38
76 58 19
38 8 35
73 44 1
62 87 92
97 44 64
43 41 16
83 77 98
7 68 97
19 57 99
36 98 27
24 81 77
80 80 99
85 16 71
42 4 54
31 43 35
38 42 11
50 91 58
16 66 92
1 54 73
11 10 80
2 86 38
81 13 32
82 79 96
93 94 28
52 71 98
42 93 80
79 94 60
35 16 42
79 88 11
59 72 79
84 24 17
91 41 56
17 32 44
5 47 66
18 18 95
80 65 25
55 36 81
15 28 37
84 95 42
41 12 92
81 38 96
18 89 10
59 96 91
58 58 81
19 7 99
10 34 82
41 58 27
28 89 30
65 81 74
32 46 61
67 45 84
28 81 52
53 100 79
4 25 17
51 46 69
45 19 56
49 42 78
55 82 52
61 6 25
41 35 64
12 3 26
28 46 55
14 63 94
30 74 67
47 2 34
19 41 36
53 89 74
53 48 15
11 72 92
38 27 52
61 89 91
48 38 28
65 91 93
93 73 82
4 99 34
91 88 3
30 17 52
8 87 8
64 88 26
75 71 84
65 46 89
55 83 24
64 70 73
59 19 85
96 67 6
100 47 93
68 45 5
20 73 83
28 14 70
75 91 13
87 15 84
92 40 17
80 60 28
88 27 3
28 74 83
22 95 30
97 37 34
28 9 52
67 7 97
97 96 54
34 44 71
56 22 38
6 90 7
52 27 39
48 21 33
16 15 64
80 32 67
53 22 1
15 90 92
100 87 47
26 2 42
25 43 2
72 68 30
99 70 86
61 11 30
66 25 14
61 87 41
77 88 1
14 12 58
60 4 61
97 88 98
32 67 10
60 34 72
82 42 37
32 74 85
16 12 2
5 85 97
38 15 17
54 93 10
38 96 19
28 12 87
30 86 56
8 64 34
94 54 91
12 59 63
57 98 14
52 44 12
82 24 95
23 89 93
30 64 56
60 86 100
53 97 9
87 93 35
82 45 77
17 31 57
83 39 80
98 22 42
74 92 31
32 10 75
6 23 99
33 29 79
5 98 52
55 94 47
11 32 65
62 24 38
98 28 93
34 59 57
2 94 46
61 12 61
53 46 81
34 9 32
10 38 38
99 58 92
79 20 6
23 24 41
84 79 48
89 11 13
36 54 38
37 59 59
53 86 23
81 38 43
4 86 31
23 5 33
33 58 9
87 63 13
43 19 26
19 67 40
9 67 98
17 52 13
1 81 66
68 55 29
43 24 79
8 2 87
30 25 5
42 62 90
2 32 95
76 85 40
4 38 5
74 76 22
25 23 43
44 62 13
55 93 15
99 41 62
13 62 69
8 88 1
20 60 75
77 75 53
58 20 9
72 15 93
84 48 1
15 81 30
61 29 41
29 23 13
67 60 99
66 75 25
19 90 69
9 77 77
83 88 33
66 92 12
100 17 30
7 25 48
62 90 75
9 78 90
88 7 40
57 48 78
76 77 73
91 2 11
42 8 52
15 72 4
49 47 74
97 82 93
93 54 6
87 63 16
33 34 86
52 60 75
0 71 40
25 25 97
15 14 85
83 81 21
82 87 30
68 23 92
37 21 1
54 8 62
78 13 34
42 33 8
54 12 86
82 2 69
54 7 5
85 7 21
72 53 57
75 40 70
59 30 95
20 28 98
8 7 32
67 58 20
90 14 81
65 48 46
27 63 72
76 41 73
57 59 38
18 95 60
51 16 84
52 79 95
73 60 73
2 20 12
7 13 7
92 80 87
23 70 19
75 37 68
65 34 26
81 64 71
33 24 78
15 70 53
80 94 17
77 46 98
53 48 96
99 92 73
32 27 27
97 58 73
87 5 14
23 17 75
2 9 3
84 71 12
99 35 58
61 95 87
33 12 86
21 28 21
17 37 79
91 86 25
88 93 40
58 86 97
5 42 25
84 32 46
97 76 47
55 68 37
8 59 6
76 10 62
24 98 37
59 98 12
1 23 28
52 20 71
96 31 25
0 42 24
98 38 32
24 24 77
69 44 38
95 53 33
51 66 33
45 24 72
3 53 40
80 22 42
37 87 8
46 65 73
46 13 25
91 77 63
31 46 91
99 97 98
33 84 61
43 97 35
85 93 63
53 61 85
11 83 30
99 60 89
93 73 87
5 77 3
83 62 4
65 70 12
98 96 13
5 36 8
13 55 55
58 99 46
23 74 80
45 61 96
92 67 54
65 39 45
5 74 9
75 18 61
67 12 75
89 48 41
63 42 23
28 1 34
80 15 95
14 60 30
9 10 84
34 29 37
53 5 47
11 60 98
69 82 83
95 20 58
79 26 26
67 60 11
48 39 20
45 70 62
69 77 100
19 32 69
3 22 39
13 15 75
16 86 48
30 94 18
32 71 93
48 100 7
10 67 92
91 24 30
100 54 94
91 83 54
96 100 18
37 73 10
95 82 27
85 84 21
21 84 62
86 23 47
88 5 55
41 87 80
33 39 73
27 97 67
16 58 42
0 39 48
18 82 44
31 15 100
4 62 87
70 87 37
20 46 23
30 29 57
51 65 58
27 23 72
20 60 5
4 47 5
57 61 15
75 31 59
36 87 6
98 4 46
2 77 57
41 97 37
45 4 63
7 84 22
63 38 11
83 21 71
17 46 54
4 80 61
51 26 61
33 6 28
79 29 41
4 64 27
80 53 38
29 42 62
26 91 40
100 70 91
29 72 80
34 10 100
86 15 32
41 88 72
64 15 25
57 26 71
12 85 59
6 90 18
90 78 19
34 54 33
24 29 11
78 22 46
4 84 60
75 9 23
75 63 74
20 62 88
42 73 40
2 21 41
49 35 2
60 100 78
33 55 85
94 29 22
22 42 25
61 11 97
63 74 95
19 54 59
29 2 60
76 23 47
1 87 71
13 42 34
50 22 39
87 20 40
46 100 56
0 57 27
40 87 59
9 72 95
35 57 4
97 14 17
78 31 43
98 57 37
93 68 55
51 57 31
95 61 13
44 95 98
40 9 35
97 69 86
55 3 20
18 69 54
29 81 85
49 2 81
37 24 17
67 23 25
10 32 14
91 5 25
50 96 59
81 8 37
16 93 89
23 58 58
14 65 87
6 37 12
85 2 99
19 87 86
37 65 24
8 90 85
57 58 89
61 65 100
44 68 69
37 3 58
89 41 20
97 10 91
10 9 17
99 8 47
0 92 67
0 68 90
49 43 41
100 27 67
50 82 26
21 6 39
38 91 22
1 42 57
94 75 65
8 34 45
12 72 15
4 92 13
78 12 41
13 47 81
76 78 55
75 52 73
63 18 95
16 39 79
46 71 15
9 100 8
84 40 70
10 33 56
17 53 33
23 36 86
81 14 29
25 54 15
40 79 88
53 80 34
37 2 41
84 63 8
51 72 5
5 95 26
27 81 7
70 29 55
83 12 56
40 67 34
27 86 68
98 100 65
34 92 69
28 96 15
25 85 66
86 92 88
48 55 54
94 53 82
24 66 29
49 18 95
31 11 66
13 21 19
13 9 61
100 98 41
52 22 97
29 36 86
48 16 37
81 45 30
94 30 67
57 92 78
97 7 12
69 25 52
88 98 52
27 23 13
41 97 68
4 1 83
73 6 68
56 61 7
16 20 69
44 7 12
37 92 57
82 94 57
11 30 40
30 83 16
66 98 21
64 76 28
62 46 8
45 39 5
86 7 52
59 89 41
7 29 92
47 12 95
29 37 5
95 22 15
39 68 89
100 68 14
70 93 6
89 42 1
34 27 91
11 45 87
29 16 45
49 79 11
63 97 5
0 65 91
39 62 19
80 25 64
94 7 87
95 85 81
84 75 56
13 45 52
63 5 13
100 91 18
4 64 60
49 73 97
96 74 56
0 54 4
58 36 22
46 25 23
41 26 27
34 64 3
20 14 88
80 46 30
41 98 74
38 31 43
96 46 59
80 74 70
55 71 19
23 8 13
33 44 96
55 32 37
15 48 19
54 73 68
4 17 11
64 25 83
28 58 46
69 39 59
86 25 64
93 81 97
76 9 32
24 26 19
49 86 5
15 74 4
95 62 96
18 66 28
32 43 54
10 22 55
12 98 95
87 12 14
76 5 76
24 57 38
70 100 38
45 12 15
97 18 34
37 62 67
98 6 75
55 82 21
1 45 6
14 72 37
34 72 75
26 7 46
8 92 17
28 88 81
100 28 10
55 65 61
38 36 53
17 17 24
48 77 79
16 74 2
78 28 15
91 59 33
23 100 5
58 85 42
35 68 35
19 15 33
82 93 96
32 68 96
47 71 80
66 90 100
77 41 62
34 5 87
93 61 47
50 69 97
10 55 27
66 68 37
2 36 39
75 55 81
55 12 25
86 98 75
52 56 84
0 2 42
67 94 53
52 71 59
7 84 93
67 54 42
67 3 26
26 20 90
39 43 22
47 85 3
19 23 85
77 61 9
72 17 12
24 89 95
73 67 79
15 100 82
0 15 62
38 55 3
49 22 17
54 31 99
42 93 63
20 46 39
20 98 70
77 18 99
22 21 46
34 98 65
66 30 100
76 27 10
76 84 67
56 6 32
2 42 20
67 43 16
25 55 35
12 71 89
28 95 81
87 81 48
13 28 46
56 80 4
0 20 21
76 70 22
80 78 67
3 96 47
93 85 66
22 41 17
12 55 55
90 69 60
8 61 3
98 41 60
62 17 11
3 31 48
84 90 1
67 89 59
93 37 34
13 63 44
6 97 77
84 1 80
67 73 45
8 47 90
24 1 68
45 3 87
15 12 1
70 72 24
9 67 78
54 84 77
75 83 75
30 60 84
66 17 16
11 73 54
85 13 84
33 17 14
70 25 2
86 41 9
90 72 20
79 13 6
67 19 16
58 91 89
10 19 4
50 66 61
85 68 41
54 84 33
12 24 3
3 8 88
33 56 65
78 28 94
32 81 7
42 25 39
94 73 33
43 99 74
54 47 14
47 88 70
55 4 97
18 75 3
96 28 17
6 56 93
48 19 14
91 22 82
14 81 78
83 27 46
7 29 86
55 99 81
79 48 79
59 75 48
2 57 53
95 59 36
54 28 35
15 29 66
87 28 17
55 37 9
71 8 8
46 13 67
8 61 41
38 73 58
23 76 96
35 71 80
82 77 39
22 28 37
28 44 77
34 67 6
93 5 46
7 55 65
95 33 26
33 60 68
73 81 29
35 8 16
61 18 70
91 54 60
90 70 34
28 43 83
61 85 22
96 23 25
38 100 15
7 55 85
12 9 17
34 44 91
9 70 2
43 89 76
96 23 79
96 55 72
0 55 55
79 12 10
1 7 59
13 64 42
46 83 61
100 89 76
21 26 87
100 76 79
1 97 39
30 5 25
70 42 40
42 12 84
46 54 18
90 47 68
78 23 25
71 28 4
74 32 16
42 67 86
100 6 31
25 68 86
12 8 16
46 38 10
91 2 12
17 2 33
12 100 82
51 39 32
44 4 23
36 60 91
100 1 1
100 26 16
47 74 14
55 98 32
98 29 77
82 20 52
82 19 81
6 54 76
24 8 15
20 41 6
88 56 9
85 74 65
79 37 2
83 98 82
53 6 61
95 44 79
21 81 30
30 57 67
1 23 57
38 92 85
59 8 29
34 78 66
16 35 59
100 45 18
56 56 52
75 46 17
91 65 22
93 8 68
75 97 59
3 83 27
20 94 40
8 20 80
82 70 56
40 47 81
39 85 37
60 87 90
37 17 62
1 94 5
79 74 13
31 3 8
25 2 9
1 12 64
71 83 38
100 89 79
43 9 84
77 65 16
79 48 76
79 70 92
70 59 36
0 34 29
17 55 29
81 16 88
67 1 56
72 84 72
88 98 54
56 92 59
10 37 85
16 48 34
47 27 8
100 39 9
74 86 67
12 72 83
23 34 79
85 85 71
18 28 91
99 13 4
6 12 13
7 56 41
100 31 47
89 21 73
71 52 15
19 13 36
92 55 47
96 2 72
11 99 92
90 63 36
18 61 15
17 8 18
77 89 75
95 11 94
58 16 65
37 33 85
52 29 5
76 21 60
24 60 67
28 100 1
4 11 83
70 67 75
86 14 22
2 100 54
82 98 10
50 27 13
66 20 11
53 92 12
15 27 85
0 89 69
91 10 23
90 48 65
85 67 94
28 37 95
40 5 31
10 28 72
39 68 98
73 35 23
65 83 43
78 3 72
34 66 96
16 5 23
75 12 4
