464 19
740 960 680 100 320 570 960 170 790 140 260 910 710 250 770 430 870 210 610 170 290 640 780 30 160 790 160 310 490 300 470 390 570 390 470 890 30 480 570 300 230 60 940 610 670 600 680 870 540 550 580 130 770 980 340 420 910 360 740 140 120 790 180 240 270 700 1000 100 440 620 930 220 80 150 130 130 260 510 580 440 110 570 980 390 440 110 900 340 660 330 580 100 360 300 480 1000 490 400 150 750 840 720 780 640 500 580 450 600 530 500 960 990 630 690 490 530 800 400 690 810 810 120 660 690 550 60 910 170 760 40 140 120 920 630 450 320 20 460 850 390 40 330 390 720 700 550 40 190 840 600 900 140 370 1000 890 30 860 430 620 230 940 20 240 220 700 130 760 520 160 540 170 440 670 890 260 280 910 630 830 520 510 680 870 540 870 250 890 840 750 610 700 420 860 540 730 80 740 910 280 650 630 700 220 190 360 1000 80 870 670 820 820 110 920 340 130 580 660 520 440 510 220 830 790 760 450 770 950 1000 650 220 660 540 190 460 910 900 610 640 10 60 630 890 630 400 10 990 550 680 510 250 690 600 480 250 370 880 470 570 590 500 580 800 740 930 500 240 130 110 200 760 290 130 640 550 580 80 690 550 960 510 510 750 680 920 470 630 80 430 720 640 910 950 690 410 150 170 460 190 110 860 650 60 520 290 460 680 390 500 90 390 810 220 90 520 760 870 100 690 520 1000 120 890 420 560 990 490 140 70 670 650 50 820 480 850 930 160 270 320 990 60 800 990 60 210 190 170 840 290 830 310 760 770 140 960 660 120 780 40 410 380 810 900 920 280 260 240 280 160 810 30 870 970 880 160 770 1000 140 580 740 380 800 620 490 10 320 190 400 680 190 330 890 260 340 140 270 430 990 370 20 470 20 280 280 320 600 440 850 380 180 530 160 530 60 540 390 80 800 400 470 680 400 280 840 780 660 170 900 940 580 10 240 470 150 90 570 70 360 820 370 240 970 860 580 220 590 910 320 720 510 40 750 20 350 730 630 620 570 500 630 960 190 160 530 720
17
8110000000
5180000000
5750000000
3840000000
9770000000
4170000000
1580000000
1110000000
8770000000
4080000000
270000000
8680000000
6230000000
1630000000
3270000000
3000000000
6120000000
