226651299
1 1 40 1600 64000 2560000 102400000 95999972 839998859 599954129 998164999 926599687 63987221 559488826 379552886 182115335 284613351 384533963 381358415 254336495 173459730 938389158 535566061 422642293 905691608 827618197 104727649 189105932 564237231 569489086 779563286 182531223 301248871 49954756 998190233 927609047 104361621 174464812 978592438 226651299 
  1 40 1600 64000 2560000 102400000 95999972 839998859 599954129 998164999 926599687 63987221 559488826 379552886 182115335 284613351 384533963 381358415 254336495 173459730 938389158 535566061 422642293 905691608 827618197 104727649 189105932 564237231 569489086 779563286 182531223 301248871 49954756 998190233 927609047 104361621 174464812 978592438 
  1 40 1600 64000 2560000 102400000 95999972 839998859 599954129 998164999 926599687 63987221 559488826 379552886 182115335 284613351 384533963 381358415 254336495 173459730 938389158 535566061 422642293 905691608 827618197 104727649 189105932 564237231 569489086 779563286 182531223 301248871 49954756 998190233 927609047 104361621 174464812 978592438 
  1 40 1600 64000 2560000 102400000 95999972 839998859 599954129 998164999 926599687 63987221 559488826 379552886 182115335 284613351 384533963 381358415 254336495 173459730 938389158 535566061 422642293 905691608 827618197 104727649 189105932 564237231 569489086 779563286 182531223 301248871 49954756 998190233 927609047 104361621 174464812 978592438 
  1 40 1600 64000 2560000 102400000 95999972 839998859 599954129 998164999 926599687 63987221 559488826 379552886 182115335 284613351 384533963 381358415 254336495 173459730 938389158 535566061 422642293 905691608 827618197 104727649 189105932 564237231 569489086 779563286 182531223 301248871 49954756 998190233 927609047 104361621 174464812 978592438 
  1 40 1600 64000 2560000 102400000 95999972 839998859 599954129 998164999 926599687 63987221 559488826 379552886 182115335 284613351 384533963 381358415 254336495 173459730 938389158 535566061 422642293 905691608 827618197 104727649 189105932 564237231 569489086 779563286 182531223 301248871 49954756 998190233 927609047 104361621 174464812 978592438 
  1 40 1600 64000 2560000 102400000 95999972 839998859 599954129 998164999 926599687 63987221 559488826 379552886 182115335 284613351 384533963 381358415 254336495 173459730 938389158 535566061 422642293 905691608 827618197 104727649 189105932 564237231 569489086 779563286 182531223 301248871 49954756 998190233 927609047 104361621 174464812 978592438 
  1 40 1600 64000 2560000 102400000 95999972 839998859 599954129 998164999 926599687 63987221 559488826 379552886 182115335 284613351 384533963 381358415 254336495 173459730 938389158 535566061 422642293 905691608 827618197 104727649 189105932 564237231 569489086 779563286 182531223 301248871 49954756 998190233 927609047 104361621 174464812 978592438 
  1 40 1600 64000 2560000 102400000 95999972 839998859 599954129 998164999 926599687 63987221 559488826 379552886 182115335 284613351 384533963 381358415 254336495 173459730 938389158 535566061 422642293 905691608 827618197 104727649 189105932 564237231 569489086 779563286 182531223 301248871 49954756 998190233 927609047 104361621 174464812 978592438 
  1 40 1600 64000 2560000 102400000 95999972 839998859 599954129 998164999 926599687 63987221 559488826 379552886 182115335 284613351 384533963 381358415 254336495 173459730 938389158 535566061 422642293 905691608 827618197 104727649 189105932 564237231 569489086 779563286 182531223 301248871 49954756 998190233 927609047 104361621 174464812 978592438 
  1 40 1600 64000 2560000 102400000 95999972 839998859 599954129 998164999 926599687 63987221 559488826 379552886 182115335 284613351 384533963 381358415 254336495 173459730 938389158 535566061 422642293 905691608 827618197 104727649 189105932 564237231 569489086 779563286 182531223 301248871 49954756 998190233 927609047 104361621 174464812 978592438 
  1 40 1600 64000 2560000 102400000 95999972 839998859 599954129 998164999 926599687 63987221 559488826 379552886 182115335 284613351 384533963 381358415 254336495 173459730 938389158 535566061 422642293 905691608 827618197 104727649 189105932 564237231 569489086 779563286 182531223 301248871 49954756 998190233 927609047 104361621 174464812 978592438 
  1 40 1600 64000 2560000 102400000 95999972 839998859 599954129 998164999 926599687 63987221 559488826 379552886 182115335 284613351 384533963 381358415 254336495 173459730 938389158 535566061 422642293 905691608 827618197 104727649 189105932 564237231 569489086 779563286 182531223 301248871 49954756 998190233 927609047 104361621 174464812 978592438 
  1 40 1600 64000 2560000 102400000 95999972 839998859 599954129 998164999 926599687 63987221 559488826 379552886 182115335 284613351 384533963 381358415 254336495 173459730 938389158 535566061 422642293 905691608 827618197 104727649 189105932 564237231 569489086 779563286 182531223 301248871 49954756 998190233 927609047 104361621 174464812 978592438 
  1 40 1600 64000 2560000 102400000 95999972 839998859 599954129 998164999 926599687 63987221 559488826 379552886 182115335 284613351 384533963 381358415 254336495 173459730 938389158 535566061 422642293 905691608 827618197 104727649 189105932 564237231 569489086 779563286 182531223 301248871 49954756 998190233 927609047 104361621 174464812 978592438 
  1 40 1600 64000 2560000 102400000 95999972 839998859 599954129 998164999 926599687 63987221 559488826 379552886 182115335 284613351 384533963 381358415 254336495 173459730 938389158 535566061 422642293 905691608 827618197 104727649 189105932 564237231 569489086 779563286 182531223 301248871 49954756 998190233 927609047 104361621 174464812 978592438 
  1 40 1600 64000 2560000 102400000 95999972 839998859 599954129 998164999 926599687 63987221 559488826 379552886 182115335 284613351 384533963 381358415 254336495 173459730 938389158 535566061 422642293 905691608 827618197 104727649 189105932 564237231 569489086 779563286 182531223 301248871 49954756 998190233 927609047 104361621 174464812 978592438 
  1 40 1600 64000 2560000 102400000 95999972 839998859 599954129 998164999 926599687 63987221 559488826 379552886 182115335 284613351 384533963 381358415 254336495 173459730 938389158 535566061 422642293 905691608 827618197 104727649 189105932 564237231 569489086 779563286 182531223 301248871 49954756 998190233 927609047 104361621 174464812 978592438 
  1 40 1600 64000 2560000 102400000 95999972 839998859 599954129 998164999 926599687 63987221 559488826 379552886 182115335 284613351 384533963 381358415 254336495 173459730 938389158 535566061 422642293 905691608 827618197 104727649 189105932 564237231 569489086 779563286 182531223 301248871 49954756 998190233 927609047 104361621 174464812 978592438 
  1 40 1600 64000 2560000 102400000 95999972 839998859 599954129 998164999 926599687 63987221 559488826 379552886 182115335 284613351 384533963 381358415 254336495 173459730 938389158 535566061 422642293 905691608 827618197 104727649 189105932 564237231 569489086 779563286 182531223 301248871 49954756 998190233 927609047 104361621 174464812 978592438 
  1 40 1600 64000 2560000 102400000 95999972 839998859 599954129 998164999 926599687 63987221 559488826 379552886 182115335 284613351 384533963 381358415 254336495 173459730 938389158 535566061 422642293 905691608 827618197 104727649 189105932 564237231 569489086 779563286 182531223 301248871 49954756 998190233 927609047 104361621 174464812 978592438 
  1 40 1600 64000 2560000 102400000 95999972 839998859 599954129 998164999 926599687 63987221 559488826 379552886 182115335 284613351 384533963 381358415 254336495 173459730 938389158 535566061 422642293 905691608 827618197 104727649 189105932 564237231 569489086 779563286 182531223 301248871 49954756 998190233 927609047 104361621 174464812 978592438 
  1 40 1600 64000 2560000 102400000 95999972 839998859 599954129 998164999 926599687 63987221 559488826 379552886 182115335 284613351 384533963 381358415 254336495 173459730 938389158 535566061 422642293 905691608 827618197 104727649 189105932 564237231 569489086 779563286 182531223 301248871 49954756 998190233 927609047 104361621 174464812 978592438 
  1 40 1600 64000 2560000 102400000 95999972 839998859 599954129 998164999 926599687 63987221 559488826 379552886 182115335 284613351 384533963 381358415 254336495 173459730 938389158 535566061 422642293 905691608 827618197 104727649 189105932 564237231 569489086 779563286 182531223 301248871 49954756 998190233 927609047 104361621 174464812 978592438 
  1 40 1600 64000 2560000 102400000 95999972 839998859 599954129 998164999 926599687 63987221 559488826 379552886 182115335 284613351 384533963 381358415 254336495 173459730 938389158 535566061 422642293 905691608 827618197 104727649 189105932 564237231 569489086 779563286 182531223 301248871 49954756 998190233 927609047 104361621 174464812 978592438 
  1 40 1600 64000 2560000 102400000 95999972 839998859 599954129 998164999 926599687 63987221 559488826 379552886 182115335 284613351 384533963 381358415 254336495 173459730 938389158 535566061 422642293 905691608 827618197 104727649 189105932 564237231 569489086 779563286 182531223 301248871 49954756 998190233 927609047 104361621 174464812 978592438 
  1 40 1600 64000 2560000 102400000 95999972 839998859 599954129 998164999 926599687 63987221 559488826 379552886 182115335 284613351 384533963 381358415 254336495 173459730 938389158 535566061 422642293 905691608 827618197 104727649 189105932 564237231 569489086 779563286 182531223 301248871 49954756 998190233 927609047 104361621 174464812 978592438 
  1 40 1600 64000 2560000 102400000 95999972 839998859 599954129 998164999 926599687 63987221 559488826 379552886 182115335 284613351 384533963 381358415 254336495 173459730 938389158 535566061 422642293 905691608 827618197 104727649 189105932 564237231 569489086 779563286 182531223 301248871 49954756 998190233 927609047 104361621 174464812 978592438 
  1 40 1600 64000 2560000 102400000 95999972 839998859 599954129 998164999 926599687 63987221 559488826 379552886 182115335 284613351 384533963 381358415 254336495 173459730 938389158 535566061 422642293 905691608 827618197 104727649 189105932 564237231 569489086 779563286 182531223 301248871 49954756 998190233 927609047 104361621 174464812 978592438 
  1 40 1600 64000 2560000 102400000 95999972 839998859 599954129 998164999 926599687 63987221 559488826 379552886 182115335 284613351 384533963 381358415 254336495 173459730 938389158 535566061 422642293 905691608 827618197 104727649 189105932 564237231 569489086 779563286 182531223 301248871 49954756 998190233 927609047 104361621 174464812 978592438 
  1 40 1600 64000 2560000 102400000 95999972 839998859 599954129 998164999 926599687 63987221 559488826 379552886 182115335 284613351 384533963 381358415 254336495 173459730 938389158 535566061 422642293 905691608 827618197 104727649 189105932 564237231 569489086 779563286 182531223 301248871 49954756 998190233 927609047 104361621 174464812 978592438 
  1 40 1600 64000 2560000 102400000 95999972 839998859 599954129 998164999 926599687 63987221 559488826 379552886 182115335 284613351 384533963 381358415 254336495 173459730 938389158 535566061 422642293 905691608 827618197 104727649 189105932 564237231 569489086 779563286 182531223 301248871 49954756 998190233 927609047 104361621 174464812 978592438 
  1 40 1600 64000 2560000 102400000 95999972 839998859 599954129 998164999 926599687 63987221 559488826 379552886 182115335 284613351 384533963 381358415 254336495 173459730 938389158 535566061 422642293 905691608 827618197 104727649 189105932 564237231 569489086 779563286 182531223 301248871 49954756 998190233 927609047 104361621 174464812 978592438 
  1 40 1600 64000 2560000 102400000 95999972 839998859 599954129 998164999 926599687 63987221 559488826 379552886 182115335 284613351 384533963 381358415 254336495 173459730 938389158 535566061 422642293 905691608 827618197 104727649 189105932 564237231 569489086 779563286 182531223 301248871 49954756 998190233 927609047 104361621 174464812 978592438 
  1 40 1600 64000 2560000 102400000 95999972 839998859 599954129 998164999 926599687 63987221 559488826 379552886 182115335 284613351 384533963 381358415 254336495 173459730 938389158 535566061 422642293 905691608 827618197 104727649 189105932 564237231 569489086 779563286 182531223 301248871 49954756 998190233 927609047 104361621 174464812 978592438 
  1 40 1600 64000 2560000 102400000 95999972 839998859 599954129 998164999 926599687 63987221 559488826 379552886 182115335 284613351 384533963 381358415 254336495 173459730 938389158 535566061 422642293 905691608 827618197 104727649 189105932 564237231 569489086 779563286 182531223 301248871 49954756 998190233 927609047 104361621 174464812 978592438 
  1 40 1600 64000 2560000 102400000 95999972 839998859 599954129 998164999 926599687 63987221 559488826 379552886 182115335 284613351 384533963 381358415 254336495 173459730 938389158 535566061 422642293 905691608 827618197 104727649 189105932 564237231 569489086 779563286 182531223 301248871 49954756 998190233 927609047 104361621 174464812 978592438 
  1 40 1600 64000 2560000 102400000 95999972 839998859 599954129 998164999 926599687 63987221 559488826 379552886 182115335 284613351 384533963 381358415 254336495 173459730 938389158 535566061 422642293 905691608 827618197 104727649 189105932 564237231 569489086 779563286 182531223 301248871 49954756 998190233 927609047 104361621 174464812 978592438 
  1 40 1600 64000 2560000 102400000 95999972 839998859 599954129 998164999 926599687 63987221 559488826 379552886 182115335 284613351 384533963 381358415 254336495 173459730 938389158 535566061 422642293 905691608 827618197 104727649 189105932 564237231 569489086 779563286 182531223 301248871 49954756 998190233 927609047 104361621 174464812 978592438 
  1 40 1600 64000 2560000 102400000 95999972 839998859 599954129 998164999 926599687 63987221 559488826 379552886 182115335 284613351 384533963 381358415 254336495 173459730 938389158 535566061 422642293 905691608 827618197 104727649 189105932 564237231 569489086 779563286 182531223 301248871 49954756 998190233 927609047 104361621 174464812 978592438 
